VERTICES = 101
EDGES = 191
24 1
24 2
1 2
2 66
2 20
2 64
2 71
2 44
66 20
66 64
66 71
66 44
20 64
20 71
20 44
64 71
64 44
71 44
44 65
44 93
17 9
9 65
9 93
68 93
1 28
1 53
1 90
28 53
28 90
53 90
90 77
59 16
20 49
20 8
20 88
20 51
20 58
20 70
49 8
49 88
49 51
49 58
49 70
8 88
8 51
8 58
8 70
88 51
88 58
88 70
51 58
51 70
58 70
70 18
70 52
52 87
52 36
48 36
1 10
1 89
1 97
1 46
1 23
1 62
10 89
10 97
10 46
10 23
10 62
89 97
89 46
89 23
89 62
97 46
97 23
97 62
46 23
46 62
23 62
62 86
62 29
86 26
86 75
86 61
75 29
28 82
28 101
28 38
82 101
82 38
101 38
38 76
38 80
70 13
70 74
70 40
70 19
13 74
13 40
13 19
74 40
74 19
40 19
19 42
21 69
69 42
42 4
42 84
42 37
42 83
42 31
42 45
42 41
84 37
84 83
84 31
84 45
84 41
37 83
37 31
37 45
37 41
83 31
83 45
83 41
31 45
31 41
45 41
41 33
15 34
33 34
33 85
13 95
13 72
95 72
72 60
60 47
65 35
65 91
65 100
35 91
35 100
91 100
21 56
21 81
21 25
21 5
21 32
21 63
21 7
56 81
56 25
56 5
56 32
56 63
56 7
81 25
81 5
81 32
81 63
81 7
25 5
25 32
25 63
25 7
5 32
5 63
5 7
32 63
32 7
63 7
7 43
7 55
50 57
39 57
43 92
92 55
26 79
26 11
26 78
26 73
79 11
79 78
79 73
11 78
11 73
78 73
73 54
96 94
96 99
94 54
