VERTICES = 520
EDGES = 264
515 520
514 516
1 511
505 487
510 507
509 506
17 501
498 504
8 451
490 482
457 472
450 26
88 492
485 116
486 63
439 461
202 132
465 479
466 458
422 468
399 445
443 419
455 435
198 235
469 463
59 131
12 408
332 441
436 423
449 103
456 432
395 35
433 114
375 398
407 297
488 349
201 5
335 380
144 428
2 425
285 181
187 393
228 320
378 170
427 69
89 34
291 67
319 338
270 390
353 397
262 223
268 128
47 40
379 345
240 305
157 382
406 233
373 97
230 400
383 60
277 3
381 163
111 371
497 65
356 426
85 83
355 366
137 100
139 374
45 222
234 365
48 341
156 336
243 171
343 182
298 314
210 77
334 317
357 43
164 117
106 299
348 184
239 347
70 153
136 302
276 86
308 54
82 91
9 311
281 218
274 245
213 283
16 205
301 260
78 282
263 207
49 287
217 110
330 251
322 192
261 313
271 292
33 147
312 227
138 275
122 197
318 206
27 241
296 396
57 11
253 50
102 286
166 249
388 190
315 246
417 18
149 209
169 109
126 405
208 446
174 259
250 256
14 15
325 324
229 68
212 123
216 200
370 177
386 391
193 76
104 294
215 129
105 329
148 321
331 194
143 389
402 185
66 219
255 179
247 180
214 280
266 19
81 460
98 188
242 462
384 71
252 416
232 269
224 204
29 142
37 238
73 53
191 145
236 189
438 135
306 279
226 39
175 304
10 409
107 133
265 278
244 273
254 293
220 295
127 52
125 199
173 32
264 203
56 288
101 333
146 503
272 392
115 211
120 326
183 339
165 344
151 309
337 55
150 303
342 161
284 323
178 141
225 195
168 248
307 352
364 186
368 372
231 258
108 79
96 121
152 237
64 44
300 289
51 369
267 154
92 80
87 124
350 13
394 387
290 72
4 340
160 327
403 140
25 28
90 363
316 119
31 113
130 414
310 354
75 376
176 351
447 328
162 358
420 99
46 112
221 361
30 359
415 431
84 418
257 95
430 36
172 158
23 42
93 360
362 401
74 442
22 367
167 61
412 429
411 62
58 94
377 452
118 459
404 413
346 467
159 440
6 38
385 453
434 473
155 444
196 464
134 24
474 410
477 21
476 483
424 454
478 491
470 494
421 495
437 493
496 20
471 480
41 499
7 500
448 481
489 475
508 512
512 502
502 484
484 513
513 517
517 518
518 519
519 508
