VERTICES = 125
EDGES = 1110
86 122
86 121
86 101
86 116
86 117
86 104
86 4
86 13
86 25
86 14
86 30
86 76
86 57
86 72
86 24
125 122
125 121
125 116
125 117
125 105
125 115
125 103
125 4
125 13
125 25
125 14
125 50
125 30
125 76
125 57
125 72
125 35
125 102
125 24
122 121
122 101
122 116
122 117
122 115
122 104
122 99
122 4
122 13
122 25
122 14
122 30
122 76
122 72
122 35
122 24
121 101
121 116
121 113
121 105
121 99
121 103
121 4
121 13
121 25
121 50
121 30
121 76
121 57
121 72
121 35
121 102
121 24
101 116
101 113
101 117
101 105
101 115
101 104
101 99
101 103
101 13
101 50
101 30
101 76
101 57
101 35
101 102
116 117
116 105
116 104
116 99
116 103
116 4
116 13
116 25
116 14
116 50
116 30
116 76
116 57
116 35
116 102
116 24
113 117
113 105
113 115
113 104
113 103
113 13
113 25
113 14
113 50
113 76
113 72
113 24
117 105
117 104
117 99
117 103
117 13
117 25
117 50
117 30
117 76
117 57
117 35
117 24
105 115
105 104
105 99
105 103
105 13
105 25
105 14
105 50
105 30
105 57
105 35
105 102
105 24
115 104
115 103
115 4
115 13
115 25
115 14
115 30
115 57
115 35
115 24
104 99
104 103
104 4
104 13
104 50
104 30
104 57
104 35
104 24
99 103
99 4
99 13
99 25
99 14
99 76
99 57
99 72
99 102
99 24
103 4
103 13
103 25
103 14
103 50
103 76
103 57
103 72
103 35
103 102
103 24
4 13
4 25
4 50
4 30
4 76
4 72
4 35
4 102
4 24
13 14
13 50
13 30
13 76
13 57
13 72
13 102
13 24
25 14
25 50
25 76
25 57
25 72
25 35
25 102
25 24
14 30
14 57
14 72
14 102
50 57
50 35
50 102
30 76
30 57
30 72
30 35
30 24
76 57
76 72
76 24
57 72
57 35
57 102
72 102
72 24
35 102
102 24
42 73
42 120
42 114
42 33
42 67
42 74
42 9
42 82
42 87
42 18
42 51
42 75
42 97
42 29
42 64
124 73
124 120
124 33
124 67
124 65
124 16
124 10
124 9
124 82
124 87
124 18
124 34
124 51
124 75
124 97
124 29
124 77
124 80
124 64
73 120
73 114
73 33
73 67
73 16
73 74
73 112
73 9
73 82
73 87
73 18
73 51
73 75
73 29
73 77
73 64
120 114
120 33
120 66
120 65
120 112
120 10
120 9
120 82
120 87
120 34
120 51
120 75
120 97
120 29
120 77
120 80
120 64
114 33
114 66
114 67
114 65
114 16
114 74
114 112
114 10
114 82
114 34
114 51
114 75
114 97
114 77
114 80
33 67
33 65
33 74
33 112
33 10
33 9
33 82
33 87
33 18
33 34
33 51
33 75
33 97
33 77
33 80
33 64
66 67
66 65
66 16
66 74
66 10
66 82
66 87
66 18
66 34
66 75
66 29
66 64
67 65
67 74
67 112
67 10
67 82
67 87
67 34
67 51
67 75
67 97
67 77
67 64
65 16
65 74
65 112
65 10
65 82
65 87
65 18
65 34
65 51
65 97
65 77
65 80
65 64
16 74
16 10
16 9
16 82
16 87
16 18
16 51
16 97
16 77
16 64
74 112
74 10
74 9
74 82
74 34
74 51
74 97
74 77
74 64
112 10
112 9
112 82
112 87
112 18
112 75
112 97
112 29
112 80
112 64
10 9
10 82
10 87
10 18
10 34
10 75
10 97
10 29
10 77
10 80
10 64
9 82
9 87
9 34
9 51
9 75
9 29
9 77
9 80
9 64
82 18
82 34
82 51
82 75
82 97
82 29
82 80
82 64
87 18
87 34
87 75
87 97
87 29
87 77
87 80
87 64
18 51
18 97
18 29
18 80
34 97
34 77
34 80
51 75
51 97
51 29
51 77
51 64
75 97
75 29
75 64
97 29
97 77
97 80
29 80
29 64
77 80
80 64
8 118
8 1
8 31
8 37
8 39
8 109
8 79
8 20
8 89
8 36
8 98
8 7
8 21
8 63
8 111
123 118
123 1
123 37
123 39
123 43
123 94
123 68
123 79
123 20
123 89
123 36
123 78
123 98
123 7
123 21
123 63
123 26
123 48
123 111
118 1
118 31
118 37
118 39
118 94
118 109
118 106
118 79
118 20
118 89
118 36
118 98
118 7
118 63
118 26
118 111
1 31
1 37
1 85
1 43
1 106
1 68
1 79
1 20
1 89
1 78
1 98
1 7
1 21
1 63
1 26
1 48
1 111
31 37
31 85
31 39
31 43
31 94
31 109
31 106
31 68
31 20
31 78
31 98
31 7
31 21
31 26
31 48
37 39
37 43
37 109
37 106
37 68
37 79
37 20
37 89
37 36
37 78
37 98
37 7
37 21
37 26
37 48
37 111
85 39
85 43
85 94
85 109
85 68
85 20
85 89
85 36
85 78
85 7
85 63
85 111
39 43
39 109
39 106
39 68
39 20
39 89
39 78
39 98
39 7
39 21
39 26
39 111
43 94
43 109
43 106
43 68
43 20
43 89
43 36
43 78
43 98
43 21
43 26
43 48
43 111
94 109
94 68
94 79
94 20
94 89
94 36
94 98
94 21
94 26
94 111
109 106
109 68
109 79
109 20
109 78
109 98
109 21
109 26
109 111
106 68
106 79
106 20
106 89
106 36
106 7
106 21
106 63
106 48
106 111
68 79
68 20
68 89
68 36
68 78
68 7
68 21
68 63
68 26
68 48
68 111
79 20
79 89
79 78
79 98
79 7
79 63
79 26
79 48
79 111
20 36
20 78
20 98
20 7
20 21
20 63
20 48
20 111
89 36
89 78
89 7
89 21
89 63
89 26
89 48
89 111
36 98
36 21
36 63
36 48
78 21
78 26
78 48
98 7
98 21
98 63
98 26
98 111
7 21
7 63
7 111
21 63
21 26
21 48
63 48
63 111
26 48
48 111
22 19
22 107
22 83
22 11
22 45
22 56
22 88
22 84
22 52
22 23
22 47
22 96
22 81
22 38
22 91
110 19
110 107
110 11
110 45
110 60
110 93
110 70
110 88
110 84
110 52
110 23
110 28
110 47
110 96
110 81
110 38
110 100
110 32
110 91
19 107
19 83
19 11
19 45
19 93
19 56
19 49
19 88
19 84
19 52
19 23
19 47
19 96
19 38
19 100
19 91
107 83
107 11
107 95
107 60
107 49
107 70
107 88
107 84
107 52
107 28
107 47
107 96
107 81
107 38
107 100
107 32
107 91
83 11
83 95
83 45
83 60
83 93
83 56
83 49
83 70
83 84
83 28
83 47
83 96
83 81
83 100
83 32
11 45
11 60
11 56
11 49
11 70
11 88
11 84
11 52
11 23
11 28
11 47
11 96
11 81
11 100
11 32
11 91
95 45
95 60
95 93
95 56
95 70
95 84
95 52
95 23
95 28
95 96
95 38
95 91
45 60
45 56
45 49
45 70
45 84
45 52
45 28
45 47
45 96
45 81
45 100
45 91
60 93
60 56
60 49
60 70
60 84
60 52
60 23
60 28
60 47
60 81
60 100
60 32
60 91
93 56
93 70
93 88
93 84
93 52
93 23
93 47
93 81
93 100
93 91
56 49
56 70
56 88
56 84
56 28
56 47
56 81
56 100
56 91
49 70
49 88
49 84
49 52
49 23
49 96
49 81
49 38
49 32
49 91
70 88
70 84
70 52
70 23
70 28
70 96
70 81
70 38
70 100
70 32
70 91
88 84
88 52
88 28
88 47
88 96
88 38
88 100
88 32
88 91
84 23
84 28
84 47
84 96
84 81
84 38
84 32
84 91
52 23
52 28
52 96
52 81
52 38
52 100
52 32
52 91
23 47
23 81
23 38
23 32
28 81
28 100
28 32
47 96
47 81
47 38
47 100
47 91
96 81
96 38
96 91
81 38
81 100
81 32
38 32
38 91
100 32
32 91
41 17
41 44
41 2
41 71
41 40
41 6
41 3
41 27
41 59
41 90
41 58
41 54
41 61
41 92
41 119
5 17
5 44
5 71
5 40
5 62
5 46
5 55
5 3
5 27
5 59
5 90
5 15
5 58
5 54
5 61
5 92
5 12
5 69
5 119
17 44
17 2
17 71
17 40
17 46
17 6
17 53
17 3
17 27
17 59
17 90
17 58
17 54
17 92
17 12
17 119
44 2
44 71
44 108
44 62
44 53
44 55
44 3
44 27
44 59
44 15
44 58
44 54
44 61
44 92
44 12
44 69
44 119
2 71
2 108
2 40
2 62
2 46
2 6
2 53
2 55
2 27
2 15
2 58
2 54
2 61
2 12
2 69
71 40
71 62
71 6
71 53
71 55
71 3
71 27
71 59
71 90
71 15
71 58
71 54
71 61
71 12
71 69
71 119
108 40
108 62
108 46
108 6
108 55
108 27
108 59
108 90
108 15
108 54
108 92
108 119
40 62
40 6
40 53
40 55
40 27
40 59
40 15
40 58
40 54
40 61
40 12
40 119
62 46
62 6
62 53
62 55
62 27
62 59
62 90
62 15
62 58
62 61
62 12
62 69
62 119
46 6
46 55
46 3
46 27
46 59
46 90
46 58
46 61
46 12
46 119
6 53
6 55
6 3
6 27
6 15
6 58
6 61
6 12
6 119
53 55
53 3
53 27
53 59
53 90
53 54
53 61
53 92
53 69
53 119
55 3
55 27
55 59
55 90
55 15
55 54
55 61
55 92
55 12
55 69
55 119
3 27
3 59
3 15
3 58
3 54
3 92
3 12
3 69
3 119
27 90
27 15
27 58
27 54
27 61
27 92
27 69
27 119
59 90
59 15
59 54
59 61
59 92
59 12
59 69
59 119
90 58
90 61
90 92
90 69
15 61
15 12
15 69
58 54
58 61
58 92
58 12
58 119
54 61
54 92
54 119
61 92
61 12
61 69
92 69
92 119
12 69
69 119
