VERTICES = 161
EDGES = 320
125 161
125 157
125 154
125 147
161 158
161 151
161 152
158 3
158 154
158 98
157 3
157 151
157 98
3 152
3 147
151 146
154 146
152 146
147 146
98 146
7 160
7 42
7 21
7 52
160 153
160 45
160 146
153 123
153 21
153 149
42 123
42 45
42 149
123 146
123 52
45 37
21 37
146 37
52 37
149 37
150 159
150 76
150 109
150 63
159 69
159 138
159 148
69 115
69 109
69 134
76 115
76 138
76 134
115 148
115 63
138 118
109 118
148 118
63 118
134 118
90 156
90 88
90 114
90 96
156 141
156 20
156 136
141 121
141 114
141 119
88 121
88 20
88 119
121 136
121 96
20 38
114 38
136 38
96 38
119 38
2 5
2 17
2 108
2 102
5 66
5 33
5 103
66 94
66 108
66 32
17 94
17 33
17 32
94 103
94 102
33 142
108 142
103 142
102 142
32 142
4 111
4 19
4 27
4 116
111 65
111 87
111 120
65 140
65 27
65 155
19 140
19 87
19 155
140 120
140 116
87 26
27 26
120 26
116 26
155 26
84 122
84 22
84 117
84 104
122 139
122 145
122 59
139 9
139 117
139 34
22 9
22 145
22 34
9 59
9 104
145 126
117 126
59 126
104 126
34 126
143 101
143 6
143 58
143 129
101 113
101 99
101 128
113 23
113 58
113 118
6 23
6 99
6 118
23 128
23 129
99 30
58 30
128 30
129 30
118 30
41 31
41 47
41 49
41 107
31 24
31 38
31 62
24 43
24 49
24 81
47 43
47 38
47 81
43 62
43 107
38 91
49 91
62 91
107 91
81 91
132 83
132 11
132 74
132 75
83 110
83 97
83 55
110 142
110 74
110 64
11 142
11 97
11 64
142 55
142 75
97 53
74 53
55 53
75 53
64 53
78 131
78 28
78 56
78 35
131 14
131 124
131 95
14 72
14 56
14 48
28 72
28 124
28 48
72 95
72 35
124 89
56 89
95 89
35 89
48 89
137 68
137 77
137 57
137 73
68 46
68 54
68 44
46 25
46 57
46 71
77 25
77 54
77 71
25 44
25 73
54 12
57 12
44 12
73 12
71 12
70 82
70 12
70 112
70 29
82 53
82 135
82 10
53 1
53 112
53 67
12 1
12 135
12 67
1 10
1 29
135 39
112 39
10 39
29 39
67 39
105 50
105 51
105 61
105 86
50 13
50 60
50 126
13 127
13 61
13 40
51 127
51 60
51 40
127 126
127 86
60 85
61 85
126 85
86 85
40 85
39 144
39 93
39 8
39 30
144 89
144 18
144 80
89 36
89 8
89 91
93 36
93 18
93 91
36 80
36 30
18 79
8 79
80 79
30 79
91 79
79 16
79 106
79 85
79 15
16 26
16 133
16 100
26 130
26 85
26 37
106 130
106 133
106 37
130 100
130 15
133 92
85 92
100 92
15 92
37 92
