VERTICES = 209
EDGES = 249
189 209
209 201
201 206
206 202
202 37
37 203
203 192
192 199
199 189
199 200
199 188
200 188
194 208
208 205
205 204
204 173
173 3
3 28
28 198
198 161
161 194
161 141
161 12
141 12
175 207
207 197
197 21
21 44
44 166
166 138
138 148
148 39
39 175
39 42
39 190
42 190
74 157
157 149
149 120
120 75
75 123
123 15
15 104
104 182
182 74
182 174
182 190
174 190
193 162
162 80
80 185
185 66
66 63
63 61
61 147
147 92
92 193
92 48
92 115
48 115
88 188
188 177
177 13
13 154
154 24
24 17
17 46
46 71
71 88
71 56
71 2
56 2
32 101
101 118
118 90
90 62
62 164
164 79
79 125
125 54
54 32
54 5
54 186
5 186
126 49
49 98
98 69
69 60
60 158
158 140
140 153
153 124
124 126
124 33
124 78
33 78
137 70
70 18
18 72
72 112
112 130
130 19
19 38
38 31
31 137
31 30
31 186
30 186
89 107
107 163
163 145
145 159
159 53
53 151
151 136
136 76
76 89
76 196
76 113
196 113
27 191
191 129
129 111
111 57
57 91
91 4
4 78
78 105
105 27
105 10
105 156
10 156
181 160
160 128
128 25
25 97
97 45
45 146
146 20
20 8
8 181
8 184
8 59
184 59
26 59
59 47
47 155
155 102
102 100
100 180
180 68
68 135
135 26
135 35
135 116
35 116
65 106
106 127
127 133
133 11
11 93
93 99
99 73
73 119
119 65
119 9
119 58
9 58
170 150
150 110
110 84
84 168
168 139
139 108
108 43
43 186
186 170
186 77
186 131
77 131
6 171
171 83
83 178
178 172
172 143
143 134
134 85
85 55
55 6
55 103
55 142
103 142
41 195
195 58
58 81
81 144
144 94
94 50
50 117
117 1
1 41
1 132
1 82
132 82
152 115
115 131
131 165
165 187
187 86
86 51
51 190
190 67
67 152
67 95
67 22
95 22
12 22
22 183
183 96
96 14
14 16
16 121
121 23
23 82
82 12
82 156
82 36
156 36
29 109
109 36
36 116
116 2
2 87
87 114
114 52
52 7
7 29
7 122
7 167
122 167
167 169
169 179
179 64
64 113
113 176
176 34
34 40
40 142
142 167
