VERTICES = 214
EDGES = 1263
214 145
212 145
212 214
210 145
205 145
190 145
208 145
202 145
203 145
203 210
196 145
196 202
199 145
199 208
198 145
198 190
183 145
183 205
141 95
181 191
136 32
180 32
76 95
156 69
37 175
173 175
178 191
132 69
1 95
1 141
43 32
43 136
169 32
169 180
131 95
131 76
168 191
168 178
170 69
170 156
6 175
6 37
147 191
147 181
152 175
152 173
5 69
5 132
117 63
117 5
161 182
161 152
97 182
97 6
97 161
21 63
21 170
21 117
52 73
52 131
82 101
82 168
129 186
129 43
122 73
122 1
122 52
11 186
11 169
11 129
22 101
22 147
22 82
12 73
12 141
189 101
189 181
125 101
125 178
125 189
45 63
45 132
150 186
150 180
50 182
50 173
9 186
9 136
9 150
149 182
149 37
149 50
91 73
91 76
91 12
75 63
75 156
75 45
79 195
79 141
79 12
39 187
39 132
39 45
126 34
126 173
126 50
67 195
67 76
67 91
89 197
89 178
89 125
55 197
55 181
55 189
54 34
54 37
54 149
177 187
177 156
177 75
38 200
38 180
38 150
59 200
59 136
59 9
81 187
81 5
81 117
81 177
60 34
60 152
60 161
60 54
100 195
100 1
100 122
100 67
130 197
130 147
130 22
130 89
135 34
135 6
135 97
135 126
74 195
74 131
74 52
74 79
27 200
27 169
27 11
27 59
120 200
120 43
120 129
120 38
99 187
99 170
99 21
99 39
143 197
143 168
143 82
143 55
51 214
51 200
51 195
51 197
51 34
51 187
42 214
42 95
42 32
42 191
42 175
42 69
42 51
96 203
96 200
96 170
96 6
96 12
96 189
96 51
110 183
110 197
110 131
110 152
110 45
110 9
110 51
46 196
46 34
46 43
46 147
46 91
46 75
46 51
14 198
14 195
14 168
14 5
14 150
14 50
14 51
53 199
53 187
53 1
53 169
53 125
53 149
53 51
115 214
115 141
115 136
115 156
115 173
115 178
171 214
171 181
171 180
171 76
171 37
171 132
35 214
35 161
35 21
35 82
35 129
35 122
35 171
19 214
19 117
19 97
19 52
19 11
19 22
19 115
26 214
26 189
26 45
26 150
26 149
26 91
66 214
66 12
66 125
66 50
66 9
66 75
20 214
20 81
20 130
20 135
20 74
20 27
20 26
142 214
142 60
142 100
142 120
142 99
142 143
142 66
102 212
102 191
102 141
102 37
102 150
102 75
107 212
107 32
107 173
107 132
107 125
107 91
146 212
146 69
146 136
146 76
146 189
146 50
108 212
108 175
108 180
108 178
108 12
108 45
98 212
98 95
98 181
98 156
98 9
98 149
25 212
25 200
25 97
25 21
25 74
25 143
25 107
49 212
49 187
49 122
49 11
49 60
49 130
49 146
10 212
10 34
10 129
10 22
10 81
10 100
10 108
118 212
118 195
118 117
118 82
118 135
118 120
118 98
105 212
105 197
105 161
105 52
105 27
105 99
105 102
47 208
47 32
47 182
47 1
47 82
47 45
47 110
47 118
77 202
77 32
77 63
77 147
77 52
77 50
77 14
77 105
68 205
68 95
68 63
68 152
68 129
68 189
68 96
68 10
68 77
15 190
15 191
15 182
15 5
15 11
15 12
15 96
15 49
15 47
185 210
185 175
185 101
185 170
185 122
185 150
185 14
185 49
83 205
83 175
83 186
83 131
83 117
83 125
83 53
83 118
114 190
114 69
114 186
114 168
114 161
114 91
114 46
114 105
114 83
158 210
158 69
158 73
158 6
158 22
158 9
158 110
158 10
17 202
17 191
17 73
17 43
17 21
17 149
17 53
17 25
17 158
84 208
84 95
84 101
84 169
84 97
84 75
84 46
84 25
84 185
2 183
2 141
2 5
2 129
2 125
2 54
2 14
2 35
140 198
140 181
140 152
140 11
140 91
140 177
140 110
140 19
92 196
92 180
92 170
92 52
92 149
92 89
92 96
92 19
62 199
62 136
62 6
62 82
62 75
62 67
62 96
62 35
116 183
116 37
116 43
116 117
116 189
116 79
116 46
116 19
29 199
29 76
29 168
29 97
29 45
29 59
29 14
29 19
111 196
111 178
111 131
111 21
111 50
111 38
111 110
111 35
7 198
7 156
7 169
7 161
7 12
7 55
7 53
7 35
121 203
121 132
121 1
121 22
121 150
121 126
121 53
121 19
93 203
93 173
93 147
93 122
93 9
93 39
93 46
93 35
90 205
90 141
90 43
90 45
90 55
90 60
90 49
90 17
90 29
123 202
123 180
123 131
123 75
123 126
123 130
123 49
123 83
123 62
104 208
104 136
104 168
104 149
104 39
104 100
104 10
104 114
104 92
71 210
71 173
71 1
71 189
71 38
71 99
71 105
71 47
71 116
48 190
48 181
48 169
48 50
48 79
48 81
48 10
48 84
48 111
134 210
134 132
134 147
134 12
134 59
134 135
134 118
134 77
134 7
106 190
106 156
106 152
106 150
106 67
106 143
106 25
106 68
106 121
86 205
86 37
86 5
86 9
86 89
86 74
86 25
86 15
86 93
61 208
61 76
61 6
61 125
61 177
61 27
61 105
61 158
61 2
103 202
103 178
103 170
103 91
103 54
103 120
103 118
103 185
103 140
137 196
137 141
137 152
137 82
137 59
137 81
137 102
137 92
144 198
144 37
144 131
144 22
144 39
144 120
144 102
144 7
109 183
109 156
109 168
109 122
109 126
109 27
109 98
109 116
165 196
165 132
165 6
165 11
165 55
165 100
165 107
165 111
58 203
58 76
58 169
58 117
58 54
58 143
58 146
58 93
65 203
65 178
65 43
65 161
65 177
65 74
65 108
65 121
33 199
33 173
33 170
33 129
33 79
33 130
33 107
33 29
4 199
4 181
4 5
4 52
4 38
4 60
4 98
4 62
64 198
64 136
64 1
64 21
64 89
64 135
64 146
64 140
24 183
24 180
24 147
24 97
24 67
24 99
24 108
24 2
30 205
30 170
30 22
30 50
30 67
30 27
30 66
30 90
30 144
70 190
70 6
70 122
70 45
70 89
70 120
70 26
70 48
70 109
112 208
112 147
112 21
112 150
112 79
112 60
112 26
112 61
112 64
151 202
151 1
151 97
151 9
151 55
151 81
151 66
151 103
151 24
127 202
127 5
127 161
127 189
127 59
127 100
127 26
127 123
127 65
41 190
41 43
41 52
41 125
41 39
41 135
41 66
41 106
41 4
128 210
128 131
128 129
128 149
128 177
128 143
128 26
128 134
128 33
57 208
57 152
57 117
57 12
57 38
57 130
57 66
57 104
57 58
155 210
155 168
155 11
155 75
155 54
155 74
155 66
155 71
155 165
160 205
160 169
160 82
160 91
160 126
160 99
160 26
160 86
160 137
163 210
163 32
163 117
163 161
163 67
163 89
163 42
163 30
163 70
72 205
72 191
72 97
72 122
72 177
72 38
72 42
72 128
72 57
18 190
18 95
18 21
18 22
18 54
18 59
18 42
18 127
18 155
148 208
148 69
148 52
148 129
148 126
148 55
148 42
148 151
148 160
85 202
85 175
85 82
85 11
85 79
85 39
85 42
85 112
85 41
119 203
119 32
119 131
119 168
119 81
119 60
119 96
119 107
119 144
119 109
119 112
119 151
164 183
164 191
164 169
164 170
164 100
164 135
164 110
164 102
164 58
164 33
164 127
164 41
13 198
13 95
13 43
13 6
13 130
13 99
13 14
13 98
13 165
13 65
13 57
13 160
94 199
94 69
94 147
94 152
94 74
94 120
94 53
94 146
94 137
94 24
94 70
94 155
44 196
44 175
44 1
44 5
44 27
44 143
44 46
44 108
44 4
44 64
44 30
44 128
87 203
87 69
87 101
87 141
87 38
87 135
87 20
87 114
87 111
87 90
162 196
162 32
162 73
162 156
162 54
162 130
162 20
162 47
162 2
162 106
133 199
133 32
133 101
133 37
133 177
133 100
133 142
133 77
133 140
133 86
133 87
78 198
78 191
78 186
78 173
78 67
78 81
78 20
78 17
78 62
78 71
159 199
159 95
159 182
159 178
159 39
159 27
159 20
159 68
159 93
159 103
36 183
36 95
36 186
36 132
36 89
36 60
36 142
36 84
36 92
36 134
36 78
23 183
23 175
23 63
23 136
23 55
23 74
23 20
23 185
23 7
23 104
124 196
124 191
124 63
124 76
124 126
124 120
124 142
124 15
124 121
124 61
124 23
16 203
16 175
16 73
16 181
16 59
16 99
16 142
16 83
16 29
16 48
16 162
176 198
176 69
176 182
176 180
176 79
176 143
176 142
176 158
176 116
176 123
176 159
174 202
174 187
174 186
174 141
174 6
174 143
174 115
174 77
174 58
174 70
167 210
167 195
167 63
167 178
167 169
167 60
167 115
167 158
167 4
167 160
113 210
113 197
113 182
113 76
113 43
113 81
113 171
113 185
113 137
113 41
153 205
153 200
153 182
153 156
153 147
153 100
153 115
153 83
153 165
153 112
153 113
56 190
56 34
56 101
56 136
56 131
56 99
56 115
56 15
56 24
56 128
40 190
40 200
40 63
40 37
40 1
40 130
40 171
40 114
40 33
40 151
40 167
8 202
8 195
8 101
8 132
8 152
8 27
8 171
8 17
8 109
8 57
8 56
3 208
3 197
3 73
3 173
3 5
3 120
3 115
3 84
3 144
3 127
28 205
28 187
28 73
28 180
28 168
28 135
28 171
28 68
28 64
28 155
28 3
88 208
88 34
88 186
88 181
88 170
88 74
88 171
88 47
88 65
88 30
88 174
139 196
139 187
139 101
139 161
139 9
139 79
139 98
139 33
139 163
139 124
139 28
157 199
157 34
157 73
157 117
157 150
157 55
157 102
157 165
157 163
157 159
157 56
192 196
192 195
192 186
192 97
192 189
192 39
192 146
192 144
192 72
192 162
192 167
172 199
172 197
172 186
172 21
172 12
172 126
172 108
172 109
172 18
172 133
172 113
172 192
166 198
166 200
166 101
166 52
166 45
166 54
166 108
166 58
166 148
166 78
166 153
166 139
154 183
154 200
154 73
154 82
154 50
154 177
154 146
154 65
154 85
154 36
154 40
154 157
179 183
179 187
179 182
179 22
179 91
179 38
179 107
179 4
179 18
179 23
179 174
138 203
138 195
138 182
138 129
138 75
138 89
138 102
138 64
138 148
138 16
138 8
138 179
80 203
80 197
80 63
80 11
80 149
80 67
80 98
80 24
80 85
80 87
80 3
193 198
193 34
193 63
193 122
193 125
193 59
193 107
193 137
193 72
193 176
193 88
193 80
201 210
201 200
201 141
201 181
201 39
201 126
201 25
201 2
201 140
201 123
201 104
201 163
31 208
31 187
31 37
31 178
31 67
31 59
31 49
31 116
31 111
31 134
31 106
31 148
184 205
184 197
184 136
184 132
184 79
184 54
184 105
184 62
184 121
184 48
184 103
184 72
206 202
206 34
206 76
206 156
206 89
206 38
206 10
206 29
206 7
206 71
206 86
206 85
207 190
207 195
207 180
207 173
207 55
207 177
207 118
207 92
207 93
207 90
207 61
207 18
188 204
188 209
188 211
188 194
188 213
204 209
204 211
204 194
204 213
209 211
209 194
209 213
211 194
211 213
194 213
