VERTICES = 160
EDGES = 191
1 33
2 34
3 35
4 36
5 37
6 38
7 39
8 40
9 41
10 42
11 43
12 44
13 45
14 46
15 47
16 48
17 49
18 50
19 51
20 52
21 53
22 54
23 55
24 56
25 57
26 58
27 59
28 60
29 61
30 62
31 63
32 64
33 65
34 66
35 67
36 68
37 69
38 70
39 71
40 72
41 73
42 74
43 75
44 76
45 77
46 78
47 79
48 80
49 81
50 82
51 83
52 84
53 85
54 86
55 87
56 88
57 89
58 90
59 91
60 92
61 93
62 94
63 95
64 96
129 1
130 2
131 3
132 4
133 5
134 6
135 7
136 8
137 9
138 10
139 11
140 12
141 13
142 14
143 15
144 16
145 17
146 18
147 19
148 20
149 21
150 22
151 23
152 24
153 25
154 26
155 27
156 28
157 29
158 30
159 31
160 32
65 97
66 98
67 99
68 100
69 101
70 102
71 103
72 104
73 105
74 106
75 107
76 108
77 109
78 110
79 111
80 112
81 113
82 114
83 115
84 116
85 117
86 118
87 119
88 120
89 121
90 122
91 123
92 124
93 125
94 126
95 127
96 128
97 129
98 130
99 131
100 132
101 133
102 134
103 135
104 136
105 137
106 138
107 139
108 140
109 141
110 142
111 143
112 144
113 145
114 146
115 147
116 148
117 149
118 150
119 151
120 152
121 153
122 154
123 155
124 156
125 157
126 158
127 159
128 160
145 129
146 130
147 131
148 132
149 133
150 134
151 135
152 136
153 137
154 138
155 139
156 140
157 141
158 142
159 143
160 144
153 145
154 146
155 147
156 148
157 149
158 150
159 151
160 152
157 153
158 154
159 155
160 156
159 157
160 158
160 159
