VERTICES = 383
EDGES = 2498
172 39
39 170
170 257
257 335
335 172
172 171
39 171
170 171
257 171
335 171
171 84
171 97
171 50
171 330
171 231
84 97
97 50
50 330
330 231
231 84
330 316
335 316
171 316
170 316
257 316
50 316
97 316
84 316
172 316
231 316
39 316
316 253
316 40
316 57
316 44
316 95
316 383
316 174
316 202
316 70
316 266
316 21
70 21
21 44
44 95
95 40
40 70
70 57
21 57
44 57
95 57
40 57
57 202
57 174
57 383
57 253
57 266
202 174
174 383
383 253
253 266
266 202
383 284
97 284
174 284
40 284
84 284
50 284
172 284
39 284
44 284
202 284
316 284
57 284
253 284
95 284
330 284
257 284
231 284
170 284
70 284
171 284
266 284
21 284
335 284
284 224
284 187
284 321
284 32
284 304
284 85
284 35
284 42
284 322
284 382
284 378
284 26
284 11
284 180
284 350
284 151
284 261
284 109
284 356
284 159
284 52
284 307
284 338
35 42
42 109
109 151
151 338
338 35
35 159
42 159
109 159
151 159
338 159
159 304
159 187
159 85
159 350
159 261
304 187
187 85
85 350
350 261
261 304
350 378
338 378
159 378
109 378
151 378
85 378
187 378
304 378
35 378
261 378
42 378
378 11
378 32
378 26
378 322
378 180
378 224
378 321
378 382
378 356
378 52
378 307
356 307
307 322
322 180
180 32
32 356
356 26
307 26
322 26
180 26
32 26
26 382
26 321
26 224
26 11
26 52
382 321
321 224
224 11
11 52
52 382
261 169
321 169
170 169
109 169
322 169
171 169
253 169
35 169
382 169
159 169
44 169
52 169
202 169
85 169
95 169
224 169
11 169
231 169
330 169
187 169
21 169
70 169
284 169
26 169
32 169
42 169
180 169
266 169
304 169
350 169
257 169
316 169
378 169
356 169
57 169
383 169
172 169
151 169
39 169
50 169
335 169
40 169
84 169
174 169
307 169
338 169
97 169
169 243
169 153
169 347
169 355
169 199
169 212
169 211
169 272
169 269
169 130
169 242
169 132
169 66
169 145
169 368
169 372
169 203
169 121
169 213
169 255
169 135
169 380
169 142
169 89
169 233
169 196
169 126
169 346
169 217
169 290
169 275
169 149
169 154
169 163
169 78
169 314
169 364
169 36
169 270
169 186
169 102
169 280
169 281
169 329
169 179
169 103
169 148
364 270
270 347
347 275
275 102
102 364
364 212
270 212
347 212
275 212
102 212
212 281
212 148
212 186
212 213
212 121
281 148
148 186
186 213
213 121
121 281
213 149
102 149
212 149
347 149
275 149
186 149
148 149
281 149
364 149
121 149
270 149
149 211
149 280
149 78
149 242
149 368
149 314
149 329
149 66
149 380
149 346
149 135
380 135
135 242
242 368
368 280
280 380
380 78
135 78
242 78
368 78
280 78
78 66
78 329
78 314
78 211
78 346
66 329
329 314
314 211
211 346
346 66
314 142
148 142
329 142
280 142
281 142
186 142
364 142
270 142
242 142
66 142
149 142
78 142
211 142
368 142
213 142
275 142
121 142
347 142
380 142
212 142
346 142
135 142
102 142
142 372
142 255
142 153
142 233
142 217
142 145
142 272
142 196
142 199
142 269
142 154
142 89
142 203
142 126
142 290
142 36
142 243
142 355
142 163
142 130
142 132
142 179
142 103
272 196
196 355
355 36
36 103
103 272
272 130
196 130
355 130
36 130
103 130
130 217
130 255
130 145
130 290
130 243
217 255
255 145
145 290
290 243
243 217
290 154
103 154
130 154
355 154
36 154
145 154
255 154
217 154
272 154
243 154
196 154
154 203
154 233
154 89
154 199
154 126
154 372
154 153
154 269
154 163
154 132
154 179
163 179
179 199
199 126
126 233
233 163
163 89
179 89
199 89
126 89
233 89
89 269
89 153
89 372
89 203
89 132
269 153
153 372
372 203
203 132
132 269
314 328
364 328
329 328
307 328
174 328
368 328
95 328
66 328
213 328
290 328
35 328
151 328
187 328
11 328
149 328
335 328
135 328
196 328
304 328
163 328
269 328
36 328
89 328
202 328
211 328
169 328
347 328
284 328
330 328
378 328
355 328
203 328
172 328
243 328
272 328
346 328
44 328
130 328
40 328
142 328
372 328
242 328
316 328
84 328
39 328
97 328
266 328
199 328
153 328
50 328
212 328
180 328
383 328
224 328
57 328
275 328
21 328
132 328
350 328
26 328
257 328
380 328
32 328
338 328
261 328
121 328
42 328
233 328
186 328
145 328
217 328
70 328
179 328
126 328
231 328
109 328
154 328
85 328
78 328
382 328
356 328
102 328
281 328
52 328
159 328
270 328
253 328
171 328
280 328
255 328
322 328
103 328
170 328
148 328
321 328
328 166
328 28
328 375
328 292
328 137
328 82
328 88
328 184
328 311
328 263
328 232
328 297
328 227
328 252
328 293
328 349
328 278
328 294
328 352
328 209
328 348
328 160
328 59
328 336
328 62
328 208
328 273
328 58
328 379
328 107
328 274
328 20
328 250
328 366
328 4
328 43
328 237
328 376
328 33
328 133
328 265
328 60
328 101
328 47
328 125
328 173
328 96
328 198
328 178
328 341
328 79
328 317
328 100
328 200
328 177
328 124
328 343
328 262
328 305
328 268
328 296
328 339
328 74
328 354
328 310
328 2
328 157
328 204
328 17
328 155
328 117
328 282
328 334
328 92
328 152
328 315
328 150
328 195
328 206
328 111
328 18
328 69
328 337
328 5
328 267
328 277
328 241
328 105
328 12
328 168
328 8
328 13
328 49
328 71
328 127
250 125
125 49
49 296
296 349
349 250
250 105
125 105
49 105
296 105
349 105
105 47
105 173
105 341
105 379
105 152
47 173
173 341
341 379
379 152
152 47
379 101
349 101
105 101
49 101
296 101
341 101
173 101
47 101
250 101
152 101
125 101
101 241
101 33
101 177
101 237
101 88
101 100
101 137
101 336
101 282
101 96
101 343
282 343
343 237
237 88
88 33
33 282
282 177
343 177
237 177
88 177
33 177
177 336
177 137
177 100
177 241
177 96
336 137
137 100
100 241
241 96
96 336
100 58
173 58
137 58
33 58
47 58
341 58
250 58
125 58
237 58
336 58
101 58
177 58
241 58
88 58
379 58
296 58
152 58
49 58
282 58
105 58
96 58
343 58
349 58
58 200
58 227
58 127
58 74
58 352
58 195
58 232
58 157
58 8
58 111
58 107
58 268
58 252
58 317
58 305
58 297
58 310
58 315
58 18
58 267
58 5
58 292
58 354
232 157
157 315
315 297
297 354
354 232
232 267
157 267
315 267
297 267
354 267
267 352
267 227
267 195
267 305
267 310
352 227
227 195
195 305
305 310
310 352
305 107
354 107
267 107
315 107
297 107
195 107
227 107
352 107
232 107
310 107
157 107
107 252
107 74
107 268
107 8
107 317
107 200
107 127
107 111
107 18
107 5
107 292
18 292
292 8
8 317
317 74
74 18
18 268
292 268
8 268
317 268
74 268
268 111
268 127
268 200
268 252
268 5
111 127
127 200
200 252
252 5
5 111
310 208
127 208
49 208
315 208
8 208
105 208
241 208
232 208
111 208
267 208
237 208
5 208
336 208
195 208
88 208
200 208
252 208
152 208
379 208
227 208
343 208
282 208
58 208
268 208
74 208
157 208
317 208
96 208
352 208
305 208
296 208
101 208
107 208
18 208
177 208
100 208
250 208
297 208
125 208
341 208
349 208
33 208
47 208
137 208
292 208
354 208
173 208
208 366
208 178
208 273
208 274
208 198
208 79
208 62
208 4
208 348
208 376
208 60
208 262
208 184
208 155
208 82
208 265
208 20
208 2
208 311
208 168
208 278
208 339
208 133
208 59
208 204
208 294
208 92
208 43
208 117
208 263
208 124
208 293
208 150
208 209
208 206
208 166
208 28
208 160
208 277
208 17
208 69
208 12
208 337
208 375
208 334
208 13
208 71
28 277
277 273
273 124
124 69
69 28
28 79
277 79
273 79
124 79
69 79
79 337
79 71
79 17
79 311
79 2
337 71
71 17
17 311
311 2
2 337
311 293
69 293
79 293
273 293
124 293
17 293
71 293
337 293
28 293
2 293
277 293
293 62
293 12
293 206
293 60
293 82
293 166
293 375
293 184
293 339
293 43
293 278
339 278
278 60
60 82
82 12
12 339
339 206
278 206
60 206
82 206
12 206
206 184
206 375
206 166
206 62
206 43
184 375
375 166
166 62
62 43
43 184
166 133
71 133
375 133
12 133
337 133
17 133
28 133
277 133
60 133
184 133
293 133
206 133
62 133
82 133
311 133
124 133
2 133
273 133
339 133
79 133
43 133
278 133
69 133
133 265
133 168
133 178
133 204
133 117
133 155
133 4
133 294
133 198
133 348
133 150
133 59
133 20
133 92
133 263
133 160
133 366
133 274
133 209
133 376
133 262
133 334
133 13
4 294
294 274
274 160
160 13
13 4
4 376
294 376
274 376
160 376
13 376
376 117
376 168
376 155
376 263
376 366
117 168
168 155
155 263
263 366
366 117
263 150
13 150
376 150
274 150
160 150
155 150
168 150
117 150
4 150
366 150
294 150
150 20
150 204
150 59
150 198
150 92
150 265
150 178
150 348
150 209
150 262
150 334
209 334
334 198
198 92
92 204
204 209
209 59
334 59
198 59
92 59
204 59
59 348
59 178
59 265
59 20
59 262
348 178
178 265
265 20
20 262
262 348
315 219
382 219
380 219
322 219
376 219
375 219
92 219
379 219
311 219
348 219
368 219
339 219
5 219
330 219
321 219
145 219
84 219
32 219
349 219
350 219
338 219
263 219
316 219
199 219
43 219
346 219
26 219
366 219
96 219
227 219
336 219
305 219
154 219
47 219
203 219
270 219
269 219
78 219
40 219
292 219
148 219
74 219
328 219
208 219
101 219
28 219
297 219
88 219
137 219
126 219
383 219
198 219
59 219
57 219
132 219
4 219
232 219
356 219
237 219
233 219
280 219
184 219
243 219
293 219
187 219
163 219
253 219
212 219
275 219
150 219
103 219
262 219
100 219
268 219
133 219
231 219
274 219
149 219
257 219
171 219
107 219
52 219
102 219
130 219
70 219
170 219
202 219
186 219
179 219
294 219
36 219
153 219
241 219
178 219
261 219
166 219
62 219
58 219
281 219
79 219
266 219
111 219
255 219
33 219
160 219
217 219
21 219
195 219
314 219
121 219
372 219
352 219
109 219
317 219
252 219
278 219
265 219
273 219
250 219
125 219
272 219
82 219
284 219
42 219
355 219
180 219
39 219
60 219
172 219
209 219
354 219
341 219
204 219
177 219
173 219
224 219
200 219
157 219
50 219
97 219
20 219
242 219
310 219
2 219
282 219
142 219
124 219
296 219
17 219
71 219
44 219
69 219
343 219
18 219
117 219
196 219
378 219
211 219
159 219
151 219
206 219
11 219
169 219
155 219
347 219
334 219
152 219
89 219
213 219
304 219
335 219
337 219
13 219
135 219
105 219
85 219
95 219
267 219
8 219
35 219
277 219
290 219
66 219
12 219
168 219
174 219
49 219
307 219
329 219
127 219
364 219
219 106
219 38
219 176
219 165
219 192
219 298
219 10
219 136
219 181
219 286
219 122
219 45
219 110
219 16
219 239
219 205
219 246
219 114
219 218
219 220
219 104
219 144
219 48
219 221
219 6
219 7
219 357
219 223
219 222
219 37
219 15
219 254
219 188
219 226
219 65
219 313
219 238
219 300
219 120
219 256
219 167
219 248
219 46
219 67
219 359
219 139
219 113
219 99
219 299
219 75
219 215
219 119
219 225
219 141
219 325
219 23
219 56
219 134
219 214
219 332
219 19
219 53
219 191
219 9
219 207
219 229
219 63
219 193
219 162
219 360
219 236
219 22
219 1
219 29
219 194
219 115
219 324
219 108
219 81
219 34
219 31
219 25
219 235
219 64
219 30
219 140
219 147
219 73
219 302
219 183
219 175
219 161
219 94
219 76
219 264
219 185
219 234
219 55
219 240
219 259
219 143
219 279
219 244
219 72
219 340
219 51
219 164
219 83
219 309
219 77
219 251
219 230
219 285
219 362
219 216
219 61
219 156
219 27
219 14
219 98
219 373
219 91
219 245
219 323
219 377
219 138
219 41
219 345
219 116
219 295
219 87
219 210
219 86
219 131
219 54
219 312
219 288
219 112
219 249
219 301
219 182
219 24
219 129
219 68
219 197
219 228
219 333
219 247
219 123
219 158
219 303
219 189
219 283
219 327
219 276
219 369
219 271
219 90
219 3
219 260
219 289
219 319
219 308
219 128
219 344
219 306
219 146
219 190
219 320
219 351
219 287
219 342
219 118
219 291
219 353
219 93
219 258
219 365
219 326
219 331
219 318
219 201
219 363
219 367
219 371
219 370
219 80
219 358
219 374
219 361
219 381
116 41
41 140
140 81
81 287
287 116
116 34
41 34
140 34
81 34
287 34
34 246
34 301
34 249
34 16
34 115
246 301
301 249
249 16
16 115
115 246
16 48
287 48
34 48
140 48
81 48
249 48
301 48
246 48
116 48
115 48
41 48
48 63
48 120
48 141
48 303
48 258
48 215
48 370
48 147
48 30
48 143
48 164
30 164
164 303
303 258
258 120
120 30
30 141
164 141
303 141
258 141
120 141
141 147
141 370
141 215
141 63
141 143
147 370
370 215
215 63
63 143
143 147
215 245
301 245
370 245
120 245
246 245
249 245
116 245
41 245
303 245
147 245
48 245
141 245
63 245
258 245
16 245
81 245
115 245
140 245
30 245
34 245
143 245
164 245
287 245
245 312
245 207
245 239
245 114
245 351
245 93
245 331
245 323
245 165
245 38
245 271
245 357
245 319
245 138
245 220
245 260
245 264
245 285
245 134
245 3
245 25
245 358
245 104
331 323
323 285
285 260
260 104
104 331
331 3
323 3
285 3
260 3
104 3
3 351
3 207
3 93
3 220
3 264
351 207
207 93
93 220
220 264
264 351
220 271
104 271
3 271
285 271
260 271
93 271
207 271
351 271
331 271
264 271
323 271
271 319
271 114
271 357
271 165
271 138
271 312
271 239
271 38
271 134
271 25
271 358
134 358
358 165
165 138
138 114
114 134
134 357
358 357
165 357
138 357
114 357
357 38
357 239
357 312
357 319
357 25
38 239
239 312
312 319
319 25
25 38
264 308
239 308
140 308
285 308
165 308
34 308
63 308
331 308
38 308
3 308
303 308
25 308
147 308
93 308
258 308
312 308
319 308
115 308
16 308
207 308
164 308
30 308
245 308
357 308
114 308
323 308
138 308
143 308
351 308
220 308
81 308
48 308
271 308
134 308
141 308
215 308
116 308
260 308
41 308
249 308
287 308
120 308
246 308
370 308
358 308
104 308
301 308
308 191
308 161
308 344
308 377
308 221
308 193
308 90
308 373
308 238
308 64
308 24
308 325
308 363
308 205
308 122
308 251
308 65
308 77
308 320
308 244
308 291
308 176
308 228
308 190
308 332
308 369
308 75
308 7
308 51
308 201
308 162
308 108
308 188
308 229
308 300
308 309
308 381
308 175
308 313
308 73
308 235
308 19
308 240
308 374
308 302
308 236
308 167
381 313
313 344
344 162
162 235
235 381
381 193
313 193
344 193
162 193
235 193
193 240
193 167
193 73
193 320
193 77
240 167
167 73
73 320
320 77
77 240
320 108
235 108
193 108
344 108
162 108
73 108
167 108
240 108
381 108
77 108
313 108
108 90
108 19
108 300
108 24
108 122
108 309
108 374
108 363
108 176
108 7
108 291
176 291
291 24
24 122
122 19
19 176
176 300
291 300
24 300
122 300
19 300
300 363
300 374
300 309
300 90
300 7
363 374
374 309
309 90
90 7
7 363
309 228
167 228
374 228
19 228
240 228
73 228
381 228
313 228
24 228
363 228
108 228
300 228
90 228
122 228
320 228
162 228
77 228
344 228
176 228
193 228
7 228
291 228
235 228
228 251
228 244
228 161
228 332
228 51
228 205
228 373
228 369
228 221
228 238
228 188
228 190
228 65
228 75
228 201
228 175
228 191
228 377
228 229
228 64
228 325
228 302
228 236
373 369
369 377
377 175
175 236
236 373
373 64
369 64
377 64
175 64
236 64
64 51
64 244
64 205
64 201
64 191
51 244
244 205
205 201
201 191
191 51
201 188
236 188
64 188
377 188
175 188
205 188
244 188
51 188
373 188
191 188
369 188
188 65
188 332
188 190
188 221
188 75
188 251
188 161
188 238
188 229
188 325
188 302
229 302
302 221
221 75
75 332
332 229
229 190
302 190
221 190
75 190
332 190
190 238
190 161
190 251
190 65
190 325
238 161
161 251
251 65
65 325
325 238
309 46
381 46
374 46
358 46
370 46
122 46
258 46
363 46
320 46
201 46
331 46
260 46
207 46
319 46
108 46
287 46
291 46
369 46
351 46
229 46
238 46
175 46
190 46
147 46
90 46
308 46
344 46
245 46
16 46
271 46
377 46
65 46
116 46
191 46
373 46
7 46
303 46
64 46
120 46
228 46
251 46
24 46
48 46
246 46
41 46
301 46
143 46
221 46
161 46
249 46
193 46
138 46
215 46
312 46
141 46
162 46
164 46
325 46
220 46
357 46
81 46
176 46
114 46
104 46
264 46
77 46
323 46
332 46
73 46
205 46
51 46
30 46
302 46
75 46
115 46
285 46
188 46
93 46
300 46
38 46
134 46
235 46
240 46
25 46
3 46
313 46
63 46
34 46
19 46
244 46
165 46
236 46
140 46
167 46
239 46
46 185
46 139
46 298
46 256
46 299
46 91
46 99
46 53
46 181
46 144
46 56
46 113
46 37
46 216
46 9
46 218
46 61
46 183
46 230
46 295
46 286
46 340
46 225
46 15
46 234
46 67
46 27
46 55
46 136
46 31
46 324
46 182
46 14
46 223
46 23
46 6
46 214
46 192
46 72
46 194
46 156
46 345
46 359
46 226
46 98
46 54
46 222
46 119
46 76
46 210
46 259
46 362
46 1
46 288
46 131
46 333
46 283
46 22
46 254
46 29
46 247
46 45
46 248
46 87
46 129
46 68
46 112
46 86
46 123
46 128
46 276
46 197
46 306
46 10
46 146
46 106
46 360
46 83
46 289
46 279
46 327
46 189
46 342
46 110
46 365
46 318
46 94
46 353
46 367
46 371
46 326
46 118
46 80
46 158
46 361
14 98
98 80
80 247
247 218
218 14
14 353
98 353
80 353
247 353
218 353
353 226
353 54
353 210
353 136
353 146
226 54
54 210
210 136
136 146
146 226
136 359
218 359
353 359
80 359
247 359
210 359
54 359
226 359
14 359
146 359
98 359
359 94
359 72
359 131
359 214
359 99
359 1
359 299
359 15
359 197
359 222
359 283
197 283
283 214
214 99
99 72
72 197
197 131
283 131
214 131
99 131
72 131
131 15
131 299
131 1
131 94
131 222
15 299
299 1
1 94
94 222
222 15
1 55
54 55
299 55
72 55
226 55
210 55
14 55
98 55
214 55
15 55
359 55
131 55
94 55
99 55
136 55
247 55
146 55
80 55
197 55
353 55
222 55
283 55
218 55
55 288
55 37
55 361
55 248
55 230
55 83
55 56
55 112
55 326
55 279
55 31
55 29
55 216
55 362
55 254
55 113
55 129
55 106
55 327
55 365
55 110
55 256
55 87
56 112
112 106
106 113
113 87
87 56
56 365
112 365
106 365
113 365
87 365
365 230
365 37
365 83
365 254
365 129
230 37
37 83
83 254
254 129
129 230
254 31
87 31
365 31
106 31
113 31
83 31
37 31
230 31
56 31
129 31
112 31
31 216
31 248
31 29
31 326
31 362
31 288
31 361
31 279
31 327
31 110
31 256
327 256
256 326
326 362
362 248
248 327
327 29
256 29
326 29
362 29
248 29
29 279
29 361
29 288
29 216
29 110
279 361
361 288
288 216
216 110
110 279
129 67
361 67
80 67
106 67
326 67
353 67
94 67
56 67
279 67
365 67
214 67
110 67
15 67
83 67
99 67
288 67
216 67
146 67
136 67
37 67
283 67
197 67
55 67
29 67
248 67
112 67
362 67
222 67
230 67
254 67
247 67
359 67
31 67
327 67
131 67
1 67
14 67
113 67
98 67
210 67
218 67
72 67
226 67
299 67
256 67
87 67
54 67
67 223
67 76
67 27
67 324
67 119
67 259
67 234
67 23
67 286
67 192
67 345
67 22
67 53
67 128
67 91
67 156
67 182
67 68
67 181
67 371
67 61
67 45
67 194
67 225
67 86
67 183
67 10
67 6
67 276
67 144
67 333
67 9
67 360
67 295
67 289
67 185
67 139
67 340
67 318
67 123
67 189
67 367
67 342
67 298
67 306
67 118
67 158
139 318
318 27
27 333
333 189
189 139
139 259
318 259
27 259
333 259
189 259
259 342
259 158
259 123
259 181
259 68
342 158
158 123
123 181
181 68
68 342
181 9
189 9
259 9
27 9
333 9
123 9
158 9
342 9
139 9
68 9
318 9
9 234
9 367
9 289
9 345
9 91
9 185
9 298
9 53
9 45
9 6
9 61
45 61
61 345
345 91
91 367
367 45
45 289
61 289
345 289
91 289
367 289
289 53
289 298
289 185
289 234
289 6
53 298
298 185
185 234
234 6
6 53
185 194
158 194
298 194
367 194
342 194
123 194
139 194
318 194
345 194
53 194
9 194
289 194
234 194
91 194
181 194
333 194
68 194
27 194
45 194
259 194
6 194
61 194
189 194
194 156
194 371
194 76
194 86
194 276
194 128
194 23
194 183
194 119
194 286
194 360
194 225
194 182
194 10
194 144
194 340
194 223
194 324
194 295
194 192
194 22
194 306
194 118
23 183
183 324
324 340
340 118
118 23
23 192
183 192
324 192
340 192
118 192
192 276
192 371
192 128
192 144
192 223
276 371
371 128
128 144
144 223
223 276
144 360
118 360
192 360
324 360
340 360
128 360
371 360
276 360
23 360
223 360
183 360
360 182
360 86
360 225
360 119
360 10
360 156
360 76
360 286
360 295
360 22
360 306
295 306
306 119
119 10
10 86
86 295
295 225
306 225
119 225
10 225
86 225
225 286
225 76
225 156
225 182
225 22
286 76
76 156
156 182
182 22
22 286
