VERTICES = 200
EDGES = 955
1 29
1 56
1 83
1 123
1 191
2 12
2 49
2 62
2 86
2 94
2 97
2 148
2 156
3 7
3 24
3 59
3 78
3 89
3 92
4 5
4 41
4 54
4 95
4 115
4 116
4 126
4 129
4 130
4 192
4 193
5 26
5 37
5 56
5 153
5 167
5 171
5 182
6 80
6 91
6 93
6 99
6 119
6 151
6 164
6 175
7 11
7 12
7 35
7 40
7 49
7 63
7 86
7 88
7 139
7 172
8 88
8 116
8 152
8 153
8 160
8 161
8 169
8 178
8 179
9 20
9 64
9 67
9 92
9 109
9 111
9 129
9 152
9 176
9 181
10 63
10 92
10 113
10 134
10 136
10 137
10 163
10 174
10 182
11 15
11 73
11 75
11 85
11 89
11 93
11 135
11 145
11 158
11 174
11 177
11 182
11 184
12 35
12 46
12 68
12 83
12 136
12 156
12 192
12 197
12 198
12 200
13 14
13 23
13 45
13 66
13 68
13 89
13 96
13 101
13 104
13 105
13 140
13 148
13 190
14 25
14 43
14 76
14 91
14 95
14 133
14 137
14 139
15 49
15 81
15 87
15 88
15 90
15 147
15 153
15 178
15 194
15 195
16 21
16 26
16 41
16 45
16 86
16 106
16 123
16 128
16 133
16 141
16 143
16 153
16 177
16 186
16 190
17 41
17 47
17 53
17 60
17 90
17 99
17 116
17 120
17 130
17 178
17 184
17 196
18 22
18 31
18 53
18 70
18 76
18 91
18 149
18 152
18 166
18 171
18 176
18 183
18 194
19 20
19 34
19 42
19 77
19 84
19 117
19 159
19 164
20 100
20 137
20 155
21 74
21 109
21 129
21 150
21 152
21 162
22 23
22 27
22 40
22 71
22 89
22 104
22 114
22 118
22 128
22 152
22 158
22 163
22 190
22 193
23 50
23 59
23 62
23 86
23 118
23 135
23 146
23 147
23 163
23 194
23 198
24 43
24 51
24 66
24 105
24 112
24 139
24 150
25 32
25 35
25 74
25 104
25 105
25 115
25 125
25 129
25 146
25 159
25 160
25 164
26 60
26 62
26 78
26 90
26 99
26 106
26 121
26 151
26 159
26 163
26 179
26 183
26 190
26 191
26 198
26 199
27 31
27 37
27 94
27 115
27 189
27 199
28 43
28 48
28 56
28 62
28 63
28 112
28 116
28 132
28 134
28 154
28 157
28 171
28 188
28 190
29 46
29 77
29 84
29 92
29 131
29 134
29 142
30 58
30 109
30 112
30 131
30 176
30 178
30 185
31 34
31 49
31 51
31 102
31 122
31 127
31 138
31 149
31 153
31 158
31 173
31 187
31 192
32 92
32 111
32 126
32 163
33 37
33 77
33 100
33 101
33 111
33 118
33 150
33 158
33 176
34 127
34 132
34 139
34 178
34 199
35 39
35 94
35 102
35 129
36 70
36 72
36 78
36 91
36 120
36 135
36 168
36 177
37 50
37 77
37 98
37 105
37 123
37 185
37 192
37 196
38 44
38 86
38 124
38 131
38 143
38 159
38 161
38 166
38 175
38 197
38 198
39 74
39 81
39 88
39 97
39 103
39 114
39 131
39 149
39 166
39 169
39 195
39 197
40 75
40 94
40 144
41 49
41 54
41 74
41 95
41 109
41 117
41 174
41 195
42 104
42 113
42 118
42 130
42 143
42 157
42 164
42 185
43 49
43 68
43 69
43 97
43 120
43 121
43 138
43 141
43 152
43 164
43 179
43 181
44 50
44 58
44 68
44 74
44 79
44 125
44 155
44 182
44 185
45 70
45 82
45 89
45 120
45 149
45 198
46 49
46 74
46 78
46 86
46 101
46 124
46 194
46 198
47 102
47 117
47 122
47 123
47 131
47 173
47 188
48 51
48 52
48 57
48 105
48 112
48 132
49 57
49 75
49 78
49 131
49 134
49 164
49 165
49 179
50 63
50 106
50 134
50 187
50 189
51 113
51 151
51 160
51 166
51 191
51 198
52 62
52 96
52 112
52 123
52 137
52 143
52 148
52 176
53 78
53 104
53 105
53 108
53 129
53 151
53 167
53 177
53 189
54 81
54 89
54 94
54 134
54 151
54 177
55 76
55 127
55 164
55 176
55 200
56 69
56 73
56 97
56 122
56 126
56 132
56 190
56 193
57 162
57 184
57 186
57 200
58 61
58 82
58 120
58 137
58 199
59 63
59 94
59 99
59 137
59 194
60 86
60 87
60 91
60 98
60 112
60 140
60 158
60 163
60 185
60 193
60 198
61 102
61 108
61 129
61 130
61 149
61 152
61 196
62 79
62 95
62 109
62 126
62 165
62 167
62 174
62 183
62 184
63 70
63 99
63 110
63 162
63 163
64 83
64 99
64 102
64 126
64 167
64 168
64 199
65 74
65 76
65 86
65 113
65 131
65 145
65 160
65 176
66 71
66 89
66 99
66 108
66 109
66 111
66 130
66 162
66 189
66 197
67 89
67 92
67 128
67 133
67 151
67 160
67 166
67 170
67 196
68 94
68 105
68 116
69 75
69 80
69 121
69 151
69 159
70 96
70 98
70 107
71 86
71 95
71 132
71 135
71 137
72 85
72 86
72 105
72 108
72 110
72 181
73 74
73 109
73 127
74 158
74 164
74 195
75 131
75 137
75 164
75 185
75 199
76 93
76 150
76 152
76 154
77 142
77 156
77 158
78 81
78 91
78 93
78 94
78 103
78 125
78 126
78 145
78 160
78 176
78 198
79 88
79 104
79 131
79 135
79 154
80 101
80 106
80 125
80 145
80 149
80 167
81 93
81 104
81 121
81 137
81 181
82 90
82 93
82 98
82 103
82 123
82 132
82 149
83 85
83 91
83 104
83 123
83 125
83 168
83 170
83 189
83 197
84 103
84 125
84 133
84 188
84 193
85 129
85 185
85 191
86 87
86 108
86 116
86 120
86 141
87 90
87 91
87 110
87 160
87 175
87 200
88 93
89 115
89 136
89 146
89 163
90 143
90 151
90 187
91 100
91 114
91 172
91 187
92 109
93 97
93 109
93 116
93 129
93 146
93 158
93 183
93 184
93 194
93 196
93 197
94 103
94 140
94 157
94 163
94 178
94 195
95 110
95 164
95 178
95 185
95 196
96 102
96 124
96 136
96 158
96 171
97 110
97 120
97 139
97 148
97 183
98 123
98 131
98 133
98 143
98 146
98 154
98 167
99 105
99 131
99 154
99 170
99 174
100 135
100 169
101 119
101 157
101 195
102 120
102 140
102 200
103 105
103 126
103 140
103 143
103 168
103 175
104 108
104 117
104 123
104 125
104 160
104 162
104 191
104 199
105 171
106 120
106 125
106 128
106 130
106 176
106 182
106 186
107 121
107 151
107 162
107 167
107 174
108 164
108 168
108 170
108 194
109 120
109 131
109 141
109 171
110 122
110 168
110 182
111 119
111 148
111 154
111 166
111 172
112 120
112 176
112 177
112 183
112 195
112 200
113 121
113 122
113 143
113 152
113 195
114 120
114 149
114 152
114 169
114 180
115 123
115 127
115 176
115 183
116 129
117 159
117 163
117 177
118 119
118 132
118 134
118 140
118 182
119 121
119 123
119 160
119 185
120 181
121 130
121 144
121 150
121 157
121 187
121 198
122 136
122 137
122 146
122 148
122 195
123 131
123 132
123 178
123 189
123 199
124 126
124 144
124 156
124 173
124 174
124 185
126 158
126 170
127 145
127 167
127 180
128 166
128 173
129 133
129 154
129 155
129 164
129 168
129 170
130 176
130 177
130 200
131 139
131 182
131 189
132 135
132 171
134 145
134 158
134 165
134 170
134 182
135 150
136 146
136 152
136 156
136 178
137 164
137 166
137 171
138 150
138 156
139 141
139 166
139 189
140 151
141 145
141 154
141 164
141 168
142 153
142 165
142 172
142 174
142 175
142 182
142 196
143 189
144 157
144 168
144 179
144 189
145 147
145 197
145 198
146 182
146 199
146 200
147 173
147 176
148 153
148 176
148 193
148 194
150 151
150 169
150 192
151 175
153 161
153 166
153 170
153 184
154 193
156 185
157 186
158 174
159 184
160 187
160 192
160 195
161 176
162 170
163 164
163 167
163 173
165 190
166 179
166 182
166 193
167 173
167 190
168 174
168 175
168 192
170 171
171 173
171 187
171 197
172 182
173 174
173 189
174 176
174 180
174 183
174 186
174 190
176 198
177 187
177 195
178 194
180 182
180 198
181 191
184 187
187 189
187 191
187 197
188 192
189 190
190 198
199 200
