VERTICES = 90
EDGES = 4004
16 90
16 88
16 77
16 86
16 85
16 83
16 78
16 27
16 79
16 26
16 54
16 72
16 76
16 35
16 5
16 17
16 49
16 70
16 19
16 23
16 43
16 14
16 7
16 66
16 37
16 40
16 20
16 38
16 30
16 31
16 58
16 29
16 36
16 24
16 42
16 45
16 53
16 47
16 48
16 56
16 46
16 61
16 65
16 34
16 39
16 52
16 22
16 33
16 59
16 2
16 3
16 68
16 25
16 1
16 44
16 51
16 28
16 55
16 41
16 15
16 6
16 12
16 62
16 64
16 9
16 32
16 4
16 21
16 10
16 63
16 60
16 69
16 67
16 13
16 57
16 11
16 18
16 75
16 71
16 50
16 73
16 80
16 74
16 84
16 82
16 8
16 87
16 81
16 89
90 88
90 77
90 86
90 85
90 83
90 78
90 27
90 79
90 26
90 54
90 72
90 76
90 35
90 5
90 17
90 49
90 70
90 19
90 23
90 43
90 14
90 7
90 66
90 37
90 40
90 20
90 38
90 30
90 31
90 58
90 29
90 36
90 24
90 42
90 45
90 53
90 47
90 48
90 56
90 46
90 61
90 65
90 34
90 39
90 52
90 22
90 33
90 59
90 2
90 3
90 68
90 25
90 1
90 44
90 51
90 28
90 55
90 41
90 15
90 6
90 12
90 62
90 64
90 9
90 32
90 4
90 21
90 10
90 63
90 60
90 69
90 67
90 13
90 57
90 11
90 18
90 75
90 71
90 50
90 73
90 80
90 74
90 84
90 82
90 8
90 87
90 81
90 89
88 77
88 86
88 85
88 83
88 78
88 27
88 79
88 26
88 54
88 72
88 76
88 35
88 5
88 17
88 49
88 70
88 19
88 23
88 43
88 14
88 7
88 66
88 37
88 40
88 20
88 38
88 30
88 31
88 58
88 29
88 36
88 24
88 42
88 45
88 53
88 47
88 48
88 56
88 46
88 61
88 65
88 34
88 39
88 52
88 22
88 33
88 59
88 2
88 3
88 68
88 25
88 1
88 44
88 51
88 28
88 55
88 41
88 15
88 6
88 12
88 62
88 64
88 9
88 32
88 4
88 21
88 10
88 63
88 60
88 69
88 67
88 13
88 57
88 11
88 18
88 75
88 71
88 50
88 73
88 80
88 74
88 84
88 82
88 8
88 87
88 81
88 89
77 86
77 85
77 83
77 78
77 27
77 79
77 26
77 54
77 72
77 76
77 35
77 5
77 17
77 49
77 70
77 19
77 23
77 43
77 14
77 7
77 66
77 37
77 40
77 20
77 38
77 30
77 31
77 58
77 29
77 36
77 24
77 42
77 45
77 53
77 47
77 48
77 56
77 46
77 61
77 65
77 34
77 39
77 52
77 22
77 33
77 59
77 2
77 3
77 68
77 25
77 1
77 44
77 51
77 28
77 55
77 41
77 15
77 6
77 12
77 62
77 64
77 9
77 32
77 4
77 21
77 10
77 63
77 60
77 69
77 67
77 13
77 57
77 11
77 18
77 75
77 71
77 50
77 73
77 80
77 74
77 84
77 82
77 8
77 87
77 81
77 89
86 85
86 83
86 78
86 27
86 79
86 26
86 54
86 72
86 76
86 35
86 5
86 17
86 49
86 70
86 19
86 23
86 43
86 14
86 7
86 66
86 37
86 40
86 20
86 38
86 30
86 31
86 58
86 29
86 36
86 24
86 42
86 45
86 53
86 47
86 48
86 56
86 46
86 61
86 65
86 34
86 39
86 52
86 22
86 33
86 59
86 2
86 3
86 68
86 25
86 1
86 44
86 51
86 28
86 55
86 41
86 15
86 6
86 12
86 62
86 64
86 9
86 32
86 4
86 21
86 10
86 63
86 60
86 69
86 67
86 13
86 57
86 11
86 18
86 75
86 71
86 50
86 73
86 80
86 74
86 84
86 82
86 8
86 87
86 81
86 89
85 83
85 78
85 27
85 79
85 26
85 54
85 72
85 76
85 35
85 5
85 17
85 49
85 70
85 19
85 23
85 43
85 14
85 7
85 66
85 37
85 40
85 20
85 38
85 30
85 31
85 58
85 29
85 36
85 24
85 42
85 45
85 53
85 47
85 48
85 56
85 46
85 61
85 65
85 34
85 39
85 52
85 22
85 33
85 59
85 2
85 3
85 68
85 25
85 1
85 44
85 51
85 28
85 55
85 41
85 15
85 6
85 12
85 62
85 64
85 9
85 32
85 4
85 21
85 10
85 63
85 60
85 69
85 67
85 13
85 57
85 11
85 18
85 75
85 71
85 50
85 73
85 80
85 74
85 84
85 82
85 8
85 87
85 81
85 89
83 78
83 27
83 79
83 26
83 54
83 72
83 76
83 35
83 5
83 17
83 49
83 70
83 19
83 23
83 43
83 14
83 7
83 66
83 37
83 40
83 20
83 38
83 30
83 31
83 58
83 29
83 36
83 24
83 42
83 45
83 53
83 47
83 48
83 56
83 46
83 61
83 65
83 34
83 39
83 52
83 22
83 33
83 59
83 2
83 3
83 68
83 25
83 1
83 44
83 51
83 28
83 55
83 41
83 15
83 6
83 12
83 62
83 64
83 9
83 32
83 4
83 21
83 10
83 63
83 60
83 69
83 67
83 13
83 57
83 11
83 18
83 75
83 71
83 50
83 73
83 80
83 74
83 84
83 82
83 8
83 87
83 81
83 89
78 27
78 79
78 26
78 54
78 72
78 76
78 35
78 5
78 17
78 49
78 70
78 19
78 23
78 43
78 14
78 7
78 66
78 37
78 40
78 20
78 38
78 30
78 31
78 58
78 29
78 36
78 42
78 45
78 53
78 47
78 48
78 56
78 46
78 61
78 65
78 34
78 39
78 52
78 22
78 33
78 59
78 2
78 3
78 68
78 25
78 1
78 44
78 51
78 28
78 55
78 41
78 15
78 6
78 12
78 62
78 64
78 9
78 32
78 4
78 21
78 10
78 63
78 60
78 69
78 67
78 13
78 57
78 11
78 18
78 75
78 71
78 50
78 73
78 80
78 74
78 84
78 82
78 8
78 87
78 81
78 89
27 79
27 26
27 54
27 72
27 76
27 35
27 5
27 17
27 49
27 70
27 19
27 23
27 43
27 14
27 7
27 66
27 37
27 40
27 20
27 38
27 30
27 31
27 58
27 29
27 36
27 24
27 42
27 45
27 53
27 47
27 48
27 56
27 46
27 61
27 65
27 34
27 39
27 52
27 22
27 33
27 59
27 2
27 3
27 68
27 25
27 1
27 44
27 51
27 28
27 55
27 41
27 15
27 6
27 12
27 62
27 64
27 9
27 32
27 4
27 21
27 10
27 63
27 60
27 69
27 67
27 13
27 57
27 11
27 18
27 75
27 71
27 50
27 73
27 80
27 74
27 84
27 82
27 8
27 87
27 81
27 89
79 26
79 54
79 72
79 76
79 35
79 5
79 17
79 49
79 70
79 19
79 23
79 43
79 14
79 7
79 66
79 37
79 40
79 20
79 38
79 30
79 31
79 58
79 29
79 36
79 24
79 42
79 45
79 53
79 47
79 48
79 56
79 46
79 61
79 65
79 34
79 39
79 52
79 22
79 33
79 59
79 2
79 3
79 68
79 25
79 1
79 44
79 51
79 28
79 55
79 41
79 15
79 6
79 12
79 62
79 64
79 9
79 32
79 4
79 21
79 10
79 63
79 60
79 69
79 67
79 13
79 57
79 11
79 18
79 75
79 71
79 50
79 73
79 80
79 74
79 84
79 82
79 8
79 87
79 81
79 89
26 54
26 72
26 76
26 35
26 5
26 17
26 49
26 70
26 19
26 23
26 43
26 14
26 7
26 66
26 37
26 40
26 20
26 38
26 30
26 31
26 58
26 29
26 36
26 24
26 42
26 45
26 53
26 47
26 48
26 56
26 46
26 61
26 65
26 34
26 39
26 52
26 22
26 33
26 59
26 2
26 3
26 68
26 25
26 1
26 44
26 51
26 28
26 55
26 41
26 15
26 6
26 12
26 62
26 64
26 9
26 32
26 4
26 21
26 10
26 63
26 60
26 69
26 67
26 13
26 57
26 11
26 18
26 75
26 71
26 50
26 73
26 80
26 74
26 84
26 82
26 8
26 87
26 81
26 89
54 72
54 76
54 35
54 5
54 17
54 49
54 70
54 19
54 23
54 43
54 14
54 7
54 66
54 37
54 40
54 20
54 38
54 30
54 31
54 58
54 29
54 36
54 24
54 42
54 45
54 53
54 47
54 48
54 56
54 46
54 61
54 65
54 34
54 39
54 52
54 22
54 33
54 59
54 2
54 3
54 68
54 25
54 1
54 44
54 51
54 28
54 55
54 41
54 15
54 6
54 12
54 62
54 64
54 9
54 32
54 4
54 21
54 10
54 63
54 60
54 69
54 67
54 13
54 57
54 11
54 18
54 75
54 71
54 50
54 73
54 80
54 74
54 84
54 82
54 8
54 87
54 81
54 89
72 76
72 35
72 5
72 17
72 49
72 70
72 19
72 23
72 43
72 14
72 7
72 66
72 37
72 40
72 20
72 38
72 30
72 31
72 58
72 29
72 36
72 24
72 42
72 45
72 53
72 47
72 48
72 56
72 46
72 61
72 65
72 34
72 39
72 52
72 22
72 33
72 59
72 2
72 3
72 68
72 25
72 1
72 44
72 51
72 28
72 55
72 41
72 15
72 6
72 12
72 62
72 64
72 9
72 32
72 4
72 21
72 10
72 63
72 60
72 69
72 67
72 13
72 57
72 11
72 18
72 75
72 71
72 50
72 73
72 80
72 74
72 84
72 82
72 8
72 87
72 81
72 89
76 35
76 5
76 17
76 49
76 70
76 19
76 23
76 43
76 14
76 7
76 66
76 37
76 40
76 20
76 38
76 30
76 31
76 58
76 29
76 36
76 24
76 42
76 45
76 53
76 47
76 48
76 56
76 46
76 61
76 65
76 34
76 39
76 52
76 22
76 33
76 59
76 2
76 3
76 68
76 25
76 1
76 44
76 51
76 28
76 55
76 41
76 15
76 6
76 12
76 62
76 64
76 9
76 32
76 4
76 21
76 10
76 63
76 60
76 69
76 67
76 13
76 57
76 11
76 18
76 75
76 71
76 50
76 73
76 80
76 74
76 84
76 82
76 8
76 87
76 81
76 89
35 5
35 17
35 49
35 70
35 19
35 23
35 43
35 14
35 7
35 66
35 37
35 40
35 20
35 38
35 30
35 31
35 58
35 29
35 36
35 24
35 42
35 45
35 53
35 47
35 48
35 56
35 46
35 61
35 65
35 34
35 39
35 52
35 22
35 33
35 59
35 2
35 3
35 68
35 25
35 1
35 44
35 51
35 28
35 55
35 41
35 15
35 6
35 12
35 62
35 64
35 9
35 32
35 4
35 21
35 10
35 63
35 60
35 69
35 67
35 13
35 57
35 11
35 18
35 75
35 71
35 50
35 73
35 80
35 74
35 84
35 82
35 8
35 87
35 81
35 89
5 17
5 49
5 70
5 19
5 23
5 43
5 14
5 7
5 66
5 37
5 40
5 20
5 38
5 30
5 31
5 58
5 29
5 36
5 24
5 42
5 45
5 53
5 47
5 48
5 56
5 46
5 61
5 65
5 34
5 39
5 52
5 22
5 33
5 59
5 2
5 3
5 68
5 25
5 1
5 44
5 51
5 28
5 55
5 41
5 15
5 6
5 12
5 62
5 64
5 9
5 32
5 4
5 21
5 10
5 63
5 60
5 69
5 67
5 13
5 57
5 11
5 18
5 75
5 71
5 50
5 73
5 80
5 74
5 84
5 82
5 8
5 87
5 81
5 89
17 49
17 70
17 19
17 23
17 43
17 14
17 7
17 66
17 37
17 40
17 20
17 38
17 30
17 31
17 58
17 29
17 36
17 24
17 42
17 45
17 53
17 47
17 48
17 56
17 46
17 61
17 65
17 34
17 39
17 52
17 22
17 33
17 59
17 2
17 3
17 68
17 25
17 1
17 44
17 51
17 28
17 55
17 41
17 15
17 6
17 12
17 62
17 64
17 9
17 32
17 4
17 21
17 10
17 63
17 60
17 69
17 67
17 13
17 57
17 11
17 18
17 75
17 71
17 50
17 73
17 80
17 74
17 84
17 82
17 8
17 87
17 81
17 89
49 70
49 19
49 23
49 43
49 14
49 7
49 66
49 37
49 40
49 20
49 38
49 30
49 31
49 58
49 29
49 36
49 24
49 42
49 45
49 53
49 47
49 48
49 56
49 46
49 61
49 65
49 34
49 39
49 52
49 22
49 33
49 59
49 2
49 3
49 68
49 25
49 1
49 44
49 51
49 28
49 55
49 41
49 15
49 6
49 12
49 62
49 64
49 9
49 32
49 4
49 21
49 10
49 63
49 60
49 69
49 67
49 13
49 57
49 11
49 18
49 75
49 71
49 50
49 73
49 80
49 74
49 84
49 82
49 8
49 87
49 81
49 89
70 19
70 23
70 43
70 14
70 7
70 66
70 37
70 40
70 20
70 38
70 30
70 31
70 58
70 29
70 36
70 24
70 42
70 45
70 53
70 47
70 48
70 56
70 46
70 61
70 65
70 34
70 39
70 52
70 22
70 33
70 59
70 2
70 3
70 68
70 25
70 1
70 44
70 51
70 28
70 55
70 41
70 15
70 6
70 12
70 62
70 64
70 9
70 32
70 4
70 21
70 10
70 63
70 60
70 69
70 67
70 13
70 57
70 11
70 18
70 75
70 71
70 50
70 73
70 80
70 74
70 84
70 82
70 8
70 87
70 81
70 89
19 23
19 43
19 14
19 7
19 66
19 37
19 40
19 20
19 38
19 30
19 31
19 58
19 29
19 36
19 24
19 42
19 45
19 53
19 47
19 48
19 56
19 46
19 61
19 65
19 34
19 39
19 52
19 22
19 33
19 59
19 2
19 3
19 68
19 25
19 1
19 44
19 51
19 28
19 55
19 41
19 15
19 6
19 12
19 62
19 64
19 9
19 32
19 4
19 21
19 10
19 63
19 60
19 69
19 67
19 13
19 57
19 11
19 18
19 75
19 71
19 50
19 73
19 80
19 74
19 84
19 82
19 8
19 87
19 81
19 89
23 43
23 14
23 7
23 66
23 37
23 40
23 20
23 38
23 30
23 31
23 58
23 29
23 36
23 24
23 42
23 45
23 53
23 47
23 48
23 56
23 46
23 61
23 65
23 34
23 39
23 52
23 22
23 33
23 59
23 2
23 3
23 68
23 25
23 1
23 44
23 51
23 28
23 55
23 41
23 15
23 6
23 12
23 62
23 64
23 9
23 32
23 4
23 21
23 10
23 63
23 60
23 69
23 67
23 13
23 57
23 11
23 18
23 75
23 71
23 50
23 73
23 80
23 74
23 84
23 82
23 8
23 87
23 81
23 89
43 14
43 7
43 66
43 37
43 40
43 20
43 38
43 30
43 31
43 58
43 29
43 36
43 24
43 42
43 45
43 53
43 47
43 48
43 56
43 46
43 61
43 65
43 34
43 39
43 52
43 22
43 33
43 59
43 2
43 3
43 68
43 25
43 1
43 44
43 51
43 28
43 55
43 41
43 15
43 6
43 12
43 62
43 64
43 9
43 32
43 4
43 21
43 10
43 63
43 60
43 69
43 67
43 13
43 57
43 11
43 18
43 75
43 71
43 50
43 73
43 80
43 74
43 84
43 82
43 8
43 87
43 81
43 89
14 7
14 66
14 37
14 40
14 20
14 38
14 30
14 31
14 58
14 29
14 36
14 24
14 42
14 45
14 53
14 47
14 48
14 56
14 46
14 61
14 65
14 34
14 39
14 52
14 22
14 33
14 59
14 2
14 3
14 68
14 25
14 1
14 44
14 51
14 28
14 55
14 41
14 15
14 6
14 12
14 62
14 64
14 9
14 32
14 4
14 21
14 10
14 63
14 60
14 69
14 67
14 13
14 57
14 11
14 18
14 75
14 71
14 50
14 73
14 80
14 74
14 84
14 82
14 8
14 87
14 81
14 89
7 66
7 37
7 40
7 20
7 38
7 30
7 31
7 58
7 29
7 36
7 24
7 42
7 45
7 53
7 47
7 48
7 56
7 46
7 61
7 65
7 34
7 39
7 52
7 22
7 33
7 59
7 2
7 3
7 68
7 25
7 1
7 44
7 51
7 28
7 55
7 41
7 15
7 6
7 12
7 62
7 64
7 9
7 32
7 4
7 21
7 10
7 63
7 60
7 69
7 67
7 13
7 57
7 11
7 18
7 75
7 71
7 50
7 73
7 80
7 74
7 84
7 82
7 8
7 87
7 81
7 89
66 37
66 40
66 20
66 38
66 30
66 31
66 58
66 29
66 36
66 24
66 42
66 45
66 53
66 47
66 48
66 56
66 46
66 61
66 65
66 34
66 39
66 52
66 22
66 33
66 59
66 2
66 3
66 68
66 25
66 1
66 44
66 51
66 28
66 55
66 41
66 15
66 6
66 12
66 62
66 64
66 9
66 32
66 4
66 21
66 10
66 63
66 60
66 69
66 67
66 13
66 57
66 11
66 18
66 75
66 71
66 50
66 73
66 80
66 74
66 84
66 82
66 8
66 87
66 81
66 89
37 40
37 20
37 38
37 30
37 31
37 58
37 29
37 36
37 24
37 42
37 45
37 53
37 47
37 48
37 56
37 46
37 61
37 65
37 34
37 39
37 52
37 22
37 33
37 59
37 2
37 3
37 68
37 25
37 1
37 44
37 51
37 28
37 55
37 41
37 15
37 6
37 12
37 62
37 64
37 9
37 32
37 4
37 21
37 10
37 63
37 60
37 69
37 67
37 13
37 57
37 11
37 18
37 75
37 71
37 50
37 73
37 80
37 74
37 84
37 82
37 8
37 87
37 81
37 89
40 20
40 38
40 30
40 31
40 58
40 29
40 36
40 24
40 42
40 45
40 53
40 47
40 48
40 56
40 46
40 61
40 65
40 34
40 39
40 52
40 22
40 33
40 59
40 2
40 3
40 68
40 25
40 1
40 44
40 51
40 28
40 55
40 41
40 15
40 6
40 12
40 62
40 64
40 9
40 32
40 4
40 21
40 10
40 63
40 60
40 69
40 67
40 13
40 57
40 11
40 18
40 75
40 71
40 50
40 73
40 80
40 74
40 84
40 82
40 8
40 87
40 81
40 89
20 38
20 30
20 31
20 58
20 29
20 36
20 24
20 42
20 45
20 53
20 47
20 48
20 56
20 46
20 61
20 65
20 34
20 39
20 52
20 22
20 33
20 59
20 2
20 3
20 68
20 25
20 1
20 44
20 51
20 28
20 55
20 41
20 15
20 6
20 12
20 62
20 64
20 9
20 32
20 4
20 21
20 10
20 63
20 60
20 69
20 67
20 13
20 57
20 11
20 18
20 75
20 71
20 50
20 73
20 80
20 74
20 84
20 82
20 8
20 87
20 81
20 89
38 30
38 31
38 58
38 29
38 36
38 24
38 42
38 45
38 53
38 47
38 48
38 56
38 46
38 61
38 65
38 34
38 39
38 52
38 22
38 33
38 59
38 2
38 3
38 68
38 25
38 1
38 44
38 51
38 28
38 55
38 41
38 15
38 6
38 12
38 62
38 64
38 9
38 32
38 4
38 21
38 10
38 63
38 60
38 69
38 67
38 13
38 57
38 11
38 18
38 75
38 71
38 50
38 73
38 80
38 74
38 84
38 82
38 8
38 87
38 81
38 89
30 31
30 58
30 29
30 36
30 24
30 42
30 45
30 53
30 47
30 48
30 56
30 46
30 61
30 65
30 34
30 39
30 52
30 22
30 33
30 59
30 2
30 3
30 68
30 25
30 1
30 44
30 51
30 28
30 55
30 41
30 15
30 6
30 12
30 62
30 64
30 9
30 32
30 4
30 21
30 10
30 63
30 60
30 69
30 67
30 13
30 57
30 11
30 18
30 75
30 71
30 50
30 73
30 80
30 74
30 84
30 82
30 8
30 87
30 81
30 89
31 58
31 29
31 36
31 24
31 42
31 45
31 53
31 47
31 48
31 56
31 46
31 61
31 65
31 34
31 39
31 52
31 22
31 33
31 59
31 2
31 3
31 68
31 25
31 1
31 44
31 51
31 28
31 55
31 41
31 15
31 6
31 12
31 62
31 64
31 9
31 32
31 4
31 21
31 10
31 63
31 60
31 69
31 67
31 13
31 57
31 11
31 18
31 75
31 71
31 50
31 73
31 80
31 74
31 84
31 82
31 8
31 87
31 81
31 89
58 29
58 36
58 24
58 42
58 45
58 53
58 47
58 48
58 56
58 46
58 61
58 65
58 34
58 39
58 52
58 22
58 33
58 59
58 2
58 3
58 68
58 25
58 1
58 44
58 51
58 28
58 55
58 41
58 15
58 6
58 12
58 62
58 64
58 9
58 32
58 4
58 21
58 10
58 63
58 60
58 69
58 67
58 13
58 57
58 11
58 18
58 75
58 71
58 50
58 73
58 80
58 74
58 84
58 82
58 8
58 87
58 81
58 89
29 36
29 24
29 42
29 45
29 53
29 47
29 48
29 56
29 46
29 61
29 65
29 34
29 39
29 52
29 22
29 33
29 59
29 2
29 3
29 68
29 25
29 1
29 44
29 51
29 28
29 55
29 41
29 15
29 6
29 12
29 62
29 64
29 9
29 32
29 4
29 21
29 10
29 63
29 60
29 69
29 67
29 13
29 57
29 11
29 18
29 75
29 71
29 50
29 73
29 80
29 74
29 84
29 82
29 8
29 87
29 81
29 89
36 24
36 42
36 45
36 53
36 47
36 48
36 56
36 46
36 61
36 65
36 34
36 39
36 52
36 22
36 33
36 59
36 2
36 3
36 68
36 25
36 1
36 44
36 51
36 28
36 55
36 41
36 15
36 6
36 12
36 62
36 64
36 9
36 32
36 4
36 21
36 10
36 63
36 60
36 69
36 67
36 13
36 57
36 11
36 18
36 75
36 71
36 50
36 73
36 80
36 74
36 84
36 82
36 8
36 87
36 81
36 89
24 42
24 45
24 53
24 47
24 48
24 56
24 46
24 61
24 65
24 34
24 39
24 52
24 22
24 33
24 59
24 2
24 3
24 68
24 25
24 1
24 44
24 51
24 28
24 55
24 41
24 15
24 6
24 12
24 62
24 64
24 9
24 32
24 4
24 21
24 10
24 63
24 60
24 69
24 67
24 13
24 57
24 11
24 18
24 75
24 71
24 50
24 73
24 80
24 74
24 84
24 82
24 8
24 87
24 81
24 89
42 45
42 53
42 47
42 48
42 56
42 46
42 61
42 65
42 34
42 39
42 52
42 22
42 33
42 59
42 2
42 3
42 68
42 25
42 1
42 44
42 51
42 28
42 55
42 41
42 15
42 6
42 12
42 62
42 64
42 9
42 32
42 4
42 21
42 10
42 63
42 60
42 69
42 67
42 13
42 57
42 11
42 18
42 75
42 71
42 50
42 73
42 80
42 74
42 84
42 82
42 8
42 87
42 81
42 89
45 53
45 47
45 48
45 56
45 46
45 61
45 65
45 34
45 39
45 52
45 22
45 33
45 59
45 2
45 3
45 68
45 25
45 1
45 44
45 51
45 28
45 55
45 41
45 15
45 6
45 12
45 62
45 64
45 9
45 32
45 4
45 21
45 10
45 63
45 60
45 69
45 67
45 13
45 57
45 11
45 18
45 75
45 71
45 50
45 73
45 80
45 74
45 84
45 82
45 8
45 87
45 81
45 89
53 47
53 48
53 56
53 46
53 61
53 65
53 34
53 39
53 52
53 22
53 33
53 59
53 2
53 3
53 68
53 25
53 1
53 44
53 51
53 28
53 55
53 41
53 15
53 6
53 12
53 62
53 64
53 9
53 32
53 4
53 21
53 10
53 63
53 60
53 69
53 67
53 13
53 57
53 11
53 18
53 75
53 71
53 50
53 73
53 80
53 74
53 84
53 82
53 8
53 87
53 81
53 89
47 48
47 56
47 46
47 61
47 65
47 34
47 39
47 52
47 22
47 33
47 59
47 2
47 3
47 68
47 25
47 1
47 44
47 51
47 28
47 55
47 41
47 15
47 6
47 12
47 62
47 64
47 9
47 32
47 4
47 21
47 10
47 63
47 60
47 69
47 67
47 13
47 57
47 11
47 18
47 75
47 71
47 50
47 73
47 80
47 74
47 84
47 82
47 8
47 87
47 81
47 89
48 56
48 46
48 61
48 65
48 34
48 39
48 52
48 22
48 33
48 59
48 2
48 3
48 68
48 25
48 1
48 44
48 51
48 28
48 55
48 41
48 15
48 6
48 12
48 62
48 64
48 9
48 32
48 4
48 21
48 10
48 63
48 60
48 69
48 67
48 13
48 57
48 11
48 18
48 75
48 71
48 50
48 73
48 80
48 74
48 84
48 82
48 8
48 87
48 81
48 89
56 46
56 61
56 65
56 34
56 39
56 52
56 22
56 33
56 59
56 2
56 3
56 68
56 25
56 1
56 44
56 51
56 28
56 55
56 41
56 15
56 6
56 12
56 62
56 64
56 9
56 32
56 4
56 21
56 10
56 63
56 60
56 69
56 67
56 13
56 57
56 11
56 18
56 75
56 71
56 50
56 73
56 80
56 74
56 84
56 82
56 8
56 87
56 81
56 89
46 61
46 65
46 34
46 39
46 52
46 22
46 33
46 59
46 2
46 3
46 68
46 25
46 1
46 44
46 51
46 28
46 55
46 41
46 15
46 6
46 12
46 62
46 64
46 9
46 32
46 4
46 21
46 10
46 63
46 60
46 69
46 67
46 13
46 57
46 11
46 18
46 75
46 71
46 50
46 73
46 80
46 74
46 84
46 82
46 8
46 87
46 81
46 89
61 65
61 34
61 39
61 52
61 22
61 33
61 59
61 2
61 3
61 68
61 25
61 1
61 44
61 51
61 28
61 55
61 41
61 15
61 6
61 12
61 62
61 64
61 9
61 32
61 4
61 21
61 10
61 63
61 60
61 69
61 67
61 13
61 57
61 11
61 18
61 75
61 71
61 50
61 73
61 80
61 74
61 84
61 82
61 8
61 87
61 81
61 89
65 34
65 39
65 52
65 22
65 33
65 59
65 2
65 3
65 68
65 25
65 1
65 44
65 51
65 28
65 55
65 41
65 15
65 6
65 12
65 62
65 64
65 9
65 32
65 4
65 21
65 10
65 63
65 60
65 69
65 67
65 13
65 57
65 11
65 18
65 75
65 71
65 50
65 73
65 80
65 74
65 84
65 82
65 8
65 87
65 81
65 89
34 39
34 52
34 22
34 33
34 59
34 2
34 3
34 68
34 25
34 1
34 44
34 51
34 28
34 55
34 41
34 15
34 6
34 12
34 62
34 64
34 9
34 32
34 4
34 21
34 10
34 63
34 60
34 69
34 67
34 13
34 57
34 11
34 18
34 75
34 71
34 50
34 73
34 80
34 74
34 84
34 82
34 8
34 87
34 81
34 89
39 52
39 22
39 33
39 59
39 2
39 3
39 68
39 25
39 1
39 44
39 51
39 28
39 55
39 41
39 15
39 6
39 12
39 62
39 64
39 9
39 32
39 4
39 21
39 10
39 63
39 60
39 69
39 67
39 13
39 57
39 11
39 18
39 75
39 71
39 50
39 73
39 80
39 74
39 84
39 82
39 8
39 87
39 81
39 89
52 22
52 33
52 59
52 2
52 3
52 68
52 25
52 1
52 44
52 51
52 28
52 55
52 41
52 15
52 6
52 12
52 62
52 64
52 9
52 32
52 4
52 21
52 10
52 63
52 60
52 69
52 67
52 13
52 57
52 11
52 18
52 75
52 71
52 50
52 73
52 80
52 74
52 84
52 82
52 8
52 87
52 81
52 89
22 33
22 59
22 2
22 3
22 68
22 25
22 1
22 44
22 51
22 28
22 55
22 41
22 15
22 6
22 12
22 62
22 64
22 9
22 32
22 4
22 21
22 10
22 63
22 60
22 69
22 67
22 13
22 57
22 11
22 18
22 75
22 71
22 50
22 73
22 80
22 74
22 84
22 82
22 8
22 87
22 81
22 89
33 59
33 2
33 3
33 68
33 25
33 1
33 44
33 51
33 28
33 55
33 41
33 15
33 6
33 12
33 62
33 64
33 9
33 32
33 4
33 21
33 10
33 63
33 60
33 69
33 67
33 13
33 57
33 11
33 18
33 75
33 71
33 50
33 73
33 80
33 74
33 84
33 82
33 8
33 87
33 81
33 89
59 2
59 3
59 68
59 25
59 1
59 44
59 51
59 28
59 55
59 41
59 15
59 6
59 12
59 62
59 64
59 9
59 32
59 4
59 21
59 10
59 63
59 60
59 69
59 67
59 13
59 57
59 11
59 18
59 75
59 71
59 50
59 73
59 80
59 74
59 84
59 82
59 8
59 87
59 81
59 89
2 3
2 68
2 25
2 1
2 44
2 51
2 28
2 55
2 41
2 15
2 6
2 12
2 62
2 64
2 9
2 32
2 4
2 21
2 10
2 63
2 60
2 69
2 67
2 13
2 57
2 11
2 18
2 75
2 71
2 50
2 73
2 80
2 74
2 84
2 82
2 8
2 87
2 81
2 89
3 68
3 25
3 1
3 44
3 51
3 28
3 55
3 41
3 15
3 6
3 12
3 62
3 64
3 9
3 32
3 4
3 21
3 10
3 63
3 60
3 69
3 67
3 13
3 57
3 11
3 18
3 75
3 71
3 50
3 73
3 80
3 74
3 84
3 82
3 8
3 87
3 81
3 89
68 25
68 1
68 44
68 51
68 28
68 55
68 41
68 15
68 6
68 12
68 62
68 64
68 9
68 32
68 4
68 21
68 10
68 63
68 60
68 69
68 67
68 13
68 57
68 11
68 18
68 75
68 71
68 50
68 73
68 80
68 74
68 84
68 82
68 8
68 87
68 81
68 89
25 1
25 44
25 51
25 28
25 55
25 41
25 15
25 6
25 12
25 62
25 64
25 9
25 32
25 4
25 21
25 10
25 63
25 60
25 69
25 67
25 13
25 57
25 11
25 18
25 75
25 71
25 50
25 73
25 80
25 74
25 84
25 82
25 8
25 87
25 81
25 89
1 44
1 51
1 28
1 55
1 41
1 15
1 6
1 12
1 62
1 64
1 9
1 32
1 4
1 21
1 10
1 63
1 60
1 69
1 67
1 13
1 57
1 11
1 18
1 75
1 71
1 50
1 73
1 80
1 74
1 84
1 82
1 8
1 87
1 81
1 89
44 51
44 28
44 55
44 41
44 15
44 6
44 12
44 62
44 64
44 9
44 32
44 4
44 21
44 10
44 63
44 60
44 69
44 67
44 13
44 57
44 11
44 18
44 75
44 71
44 50
44 73
44 80
44 74
44 84
44 82
44 8
44 87
44 81
44 89
51 28
51 55
51 41
51 15
51 6
51 12
51 62
51 64
51 9
51 32
51 4
51 21
51 10
51 63
51 60
51 69
51 67
51 13
51 57
51 11
51 18
51 75
51 71
51 50
51 73
51 80
51 74
51 84
51 82
51 8
51 87
51 81
51 89
28 55
28 41
28 15
28 6
28 12
28 62
28 64
28 9
28 32
28 4
28 21
28 10
28 63
28 60
28 69
28 67
28 13
28 57
28 11
28 18
28 75
28 71
28 50
28 73
28 80
28 74
28 84
28 82
28 8
28 87
28 81
28 89
55 41
55 15
55 6
55 12
55 62
55 64
55 9
55 32
55 4
55 21
55 10
55 63
55 60
55 69
55 67
55 13
55 57
55 11
55 18
55 75
55 71
55 50
55 73
55 80
55 74
55 84
55 82
55 8
55 87
55 81
55 89
41 15
41 6
41 12
41 62
41 64
41 9
41 32
41 4
41 21
41 10
41 63
41 60
41 69
41 67
41 13
41 57
41 11
41 18
41 75
41 71
41 50
41 73
41 80
41 74
41 84
41 82
41 8
41 87
41 81
41 89
15 6
15 12
15 62
15 64
15 9
15 32
15 4
15 21
15 10
15 63
15 60
15 69
15 67
15 13
15 57
15 11
15 18
15 75
15 71
15 50
15 73
15 80
15 74
15 84
15 82
15 8
15 87
15 81
15 89
6 12
6 62
6 64
6 9
6 32
6 4
6 21
6 10
6 63
6 60
6 69
6 67
6 13
6 57
6 11
6 18
6 75
6 71
6 50
6 73
6 80
6 74
6 84
6 82
6 8
6 87
6 81
6 89
12 62
12 64
12 9
12 32
12 4
12 21
12 10
12 63
12 60
12 69
12 67
12 13
12 57
12 11
12 18
12 75
12 71
12 50
12 73
12 80
12 74
12 84
12 82
12 8
12 87
12 81
12 89
62 64
62 9
62 32
62 4
62 21
62 10
62 63
62 60
62 69
62 67
62 13
62 57
62 11
62 18
62 75
62 71
62 50
62 73
62 80
62 74
62 84
62 82
62 8
62 87
62 81
62 89
64 9
64 32
64 4
64 21
64 10
64 63
64 60
64 69
64 67
64 13
64 57
64 11
64 18
64 75
64 71
64 50
64 73
64 80
64 74
64 84
64 82
64 8
64 87
64 81
64 89
9 32
9 4
9 21
9 10
9 63
9 60
9 69
9 67
9 13
9 57
9 11
9 18
9 75
9 71
9 50
9 73
9 80
9 74
9 84
9 82
9 8
9 87
9 81
9 89
32 4
32 21
32 10
32 63
32 60
32 69
32 67
32 13
32 57
32 11
32 18
32 75
32 71
32 50
32 73
32 80
32 74
32 84
32 82
32 8
32 87
32 81
32 89
4 21
4 10
4 63
4 60
4 69
4 67
4 13
4 57
4 11
4 18
4 75
4 71
4 50
4 73
4 80
4 74
4 84
4 82
4 8
4 87
4 81
4 89
21 10
21 63
21 60
21 69
21 67
21 13
21 57
21 11
21 18
21 75
21 71
21 50
21 73
21 80
21 74
21 84
21 82
21 8
21 87
21 81
21 89
10 63
10 60
10 69
10 67
10 13
10 57
10 11
10 18
10 75
10 71
10 50
10 73
10 80
10 74
10 84
10 82
10 8
10 87
10 81
10 89
63 60
63 69
63 67
63 13
63 57
63 11
63 18
63 75
63 71
63 50
63 73
63 80
63 74
63 84
63 82
63 8
63 87
63 81
63 89
60 69
60 67
60 13
60 57
60 11
60 18
60 75
60 71
60 50
60 73
60 80
60 74
60 84
60 82
60 8
60 87
60 81
60 89
69 67
69 13
69 57
69 11
69 18
69 75
69 71
69 50
69 73
69 80
69 74
69 84
69 82
69 8
69 87
69 81
69 89
67 13
67 57
67 11
67 18
67 75
67 71
67 50
67 73
67 80
67 74
67 84
67 82
67 8
67 87
67 81
67 89
13 57
13 11
13 18
13 75
13 71
13 50
13 73
13 80
13 74
13 84
13 82
13 8
13 87
13 81
13 89
57 11
57 18
57 75
57 71
57 50
57 73
57 80
57 74
57 84
57 82
57 8
57 87
57 81
57 89
11 18
11 75
11 71
11 50
11 73
11 80
11 74
11 84
11 82
11 8
11 87
11 81
11 89
18 75
18 71
18 50
18 73
18 80
18 74
18 84
18 82
18 8
18 87
18 81
18 89
75 71
75 50
75 73
75 80
75 74
75 84
75 82
75 8
75 87
75 81
75 89
71 50
71 73
71 80
71 74
71 84
71 82
71 8
71 87
71 81
71 89
50 73
50 80
50 74
50 84
50 82
50 8
50 87
50 81
50 89
73 80
73 74
73 84
73 82
73 8
73 87
73 81
73 89
80 74
80 84
80 82
80 8
80 87
80 81
80 89
74 84
74 82
74 8
74 87
74 81
74 89
84 82
84 8
84 87
84 81
84 89
82 8
82 87
82 81
82 89
8 87
8 81
8 89
87 81
87 89
81 89
