VERTICES = 100
EDGES = 509
1 2
1 3
1 5
1 22
1 31
1 36
1 40
1 55
1 61
1 74
1 81
1 90
2 8
2 27
2 36
2 39
2 77
2 97
3 10
3 11
3 14
3 16
3 37
3 40
3 41
3 45
3 47
3 49
3 61
3 62
3 64
3 88
4 16
4 23
4 24
4 38
4 43
4 44
4 59
4 61
4 64
4 65
4 71
4 75
4 77
4 86
4 93
5 10
5 19
5 20
5 21
5 39
5 43
5 59
5 72
5 88
6 13
6 25
6 26
6 48
6 49
6 52
6 56
6 57
6 62
6 67
6 69
6 75
6 96
7 38
7 49
7 59
7 65
7 89
7 90
7 91
8 10
8 17
8 29
8 41
8 52
8 62
8 78
8 89
8 92
8 93
8 94
9 12
9 17
9 31
9 44
9 68
9 71
9 74
9 77
9 88
9 92
9 99
10 14
10 23
10 27
10 43
10 47
10 48
10 49
10 53
10 77
10 82
10 90
10 94
11 18
11 19
11 28
11 42
11 48
11 58
11 61
11 69
11 70
12 18
12 21
12 22
12 25
12 26
12 29
12 33
12 34
12 36
12 52
12 57
12 59
12 72
12 83
12 88
13 24
13 28
13 49
13 64
13 83
13 99
14 22
14 29
14 43
14 44
14 50
14 61
14 67
14 68
14 70
14 81
14 89
14 97
15 36
15 41
15 43
15 52
15 62
15 63
15 75
15 78
16 17
16 28
16 37
16 40
16 42
16 57
16 84
16 85
17 18
17 22
17 26
17 34
17 51
17 62
17 77
17 79
17 82
17 85
18 35
18 42
18 44
18 48
18 50
18 51
18 54
18 72
18 90
18 93
18 96
19 28
19 29
19 31
19 45
19 56
19 78
19 82
20 24
20 35
20 37
20 39
20 41
20 44
20 50
20 59
20 73
20 78
20 81
20 91
21 24
21 31
21 54
21 79
22 26
22 47
22 48
22 52
22 66
22 77
22 78
22 80
22 88
22 96
23 45
23 54
23 59
23 68
23 89
23 97
24 39
24 52
24 80
24 81
24 85
24 86
24 88
24 94
24 97
24 100
25 26
25 27
25 31
25 40
25 43
25 57
25 59
25 60
25 61
25 73
25 87
26 28
26 47
26 51
26 66
26 67
26 70
26 85
26 93
26 95
27 36
27 37
27 41
27 47
27 66
27 81
27 89
27 94
27 99
28 39
28 83
28 88
28 90
28 94
29 46
29 59
29 62
29 85
29 97
30 41
30 64
30 80
30 98
31 35
31 37
31 49
31 59
31 61
31 66
31 87
32 51
32 59
32 73
32 77
32 83
33 35
33 41
33 75
33 80
33 83
33 95
34 71
34 75
34 76
34 88
34 94
35 41
35 45
35 57
35 65
35 69
35 91
35 98
36 40
36 46
36 47
36 51
36 54
36 58
36 68
36 73
36 77
36 81
36 84
37 39
37 47
37 55
37 61
37 63
37 66
37 70
37 80
37 88
37 92
37 96
37 98
38 42
38 56
38 74
38 78
38 97
39 40
39 50
39 52
39 53
39 67
39 78
40 44
40 64
40 75
40 77
41 74
41 78
41 85
41 92
42 53
42 55
42 58
42 66
42 71
42 73
42 80
42 82
42 84
43 45
43 79
43 94
44 50
44 51
44 70
44 74
44 75
44 77
44 90
45 75
45 80
45 82
45 87
45 95
45 99
46 59
46 62
46 67
47 49
47 56
47 60
47 72
47 73
47 90
48 72
48 84
49 50
49 58
49 63
49 78
49 87
49 90
49 95
49 97
49 100
50 60
50 72
50 79
50 90
50 92
50 93
51 54
51 56
51 60
52 57
52 76
52 97
53 57
53 63
53 66
53 74
53 85
53 89
53 96
54 58
55 60
55 72
55 75
55 76
55 81
55 95
56 71
56 72
56 73
56 88
56 95
56 99
57 68
57 78
57 82
57 84
57 87
58 82
58 94
58 96
59 87
59 88
60 66
60 96
61 64
61 70
61 78
61 88
61 99
61 100
62 63
62 75
62 82
62 84
62 85
62 93
62 97
63 67
63 79
63 93
63 94
63 100
64 83
65 70
65 87
66 75
66 91
66 96
67 71
67 89
68 74
68 85
68 96
69 98
70 82
70 94
70 96
71 86
71 90
73 93
73 95
73 98
74 75
74 88
74 95
75 77
75 79
75 92
75 98
76 86
76 88
77 80
77 89
78 81
78 100
79 84
80 85
80 91
81 88
81 94
82 86
82 94
82 99
83 99
84 85
87 98
88 91
88 95
89 92
89 99
95 97
