VERTICES = 138
EDGES = 493
125 78
138 76
130 88
135 5
134 78
133 88
133 76
133 106
133 78
133 17
133 5
132 5
132 89
132 88
132 4
132 39
132 94
132 47
132 106
132 137
132 114
132 78
8 85
8 5
129 95
129 94
129 106
129 32
129 5
129 137
113 99
113 18
19 88
19 5
19 78
126 18
126 91
126 72
123 5
123 77
123 78
104 94
104 54
104 88
111 5
29 137
29 44
29 78
29 96
29 5
29 88
121 54
121 88
121 44
121 94
5 105
5 9
5 57
5 56
5 127
5 35
5 109
5 52
5 38
5 67
5 75
5 3
5 42
5 84
5 25
5 96
5 108
5 95
5 54
5 103
5 55
5 32
5 63
5 89
5 4
5 39
5 47
5 66
5 21
5 119
5 11
5 27
5 45
5 90
5 86
5 112
5 48
5 62
5 114
5 85
5 68
5 50
5 36
5 46
5 17
5 73
5 24
5 116
5 14
5 94
5 18
5 69
5 2
5 44
5 88
5 101
5 106
5 76
5 137
5 118
5 77
5 78
108 137
108 88
108 106
108 95
108 54
44 57
44 56
44 127
44 96
44 106
44 17
44 54
44 14
44 137
44 28
44 69
44 18
44 94
44 88
44 78
17 57
17 54
17 137
17 103
17 88
17 14
17 106
17 78
117 7
117 18
117 52
79 52
79 89
49 97
49 52
49 18
25 106
25 78
25 18
25 86
10 28
109 35
109 78
109 52
69 137
69 118
69 28
69 94
69 18
69 88
28 83
28 18
28 52
28 88
107 131
107 31
107 13
107 59
107 12
107 52
96 7
96 86
96 100
96 18
96 88
96 137
96 54
96 78
96 95
96 75
96 52
40 75
40 87
40 72
40 18
90 45
90 86
78 32
78 51
78 61
78 41
78 16
78 136
78 128
78 20
78 35
78 38
78 67
78 75
78 86
78 118
78 55
78 26
78 76
78 4
78 39
78 94
78 47
78 106
78 71
78 89
78 12
78 50
78 105
78 74
78 37
78 52
78 18
78 88
78 77
78 48
78 95
78 114
78 137
61 89
61 52
61 18
61 12
6 52
6 18
27 11
27 86
42 118
93 128
30 97
103 88
76 88
76 26
76 86
76 106
76 18
76 58
76 72
76 137
76 118
56 57
56 137
56 88
56 127
15 43
15 18
15 137
15 52
82 89
82 81
82 128
82 52
82 136
36 46
38 67
38 4
38 18
38 75
51 89
51 74
62 114
62 48
62 124
62 137
7 86
7 100
7 137
7 75
7 18
7 31
7 131
7 64
7 12
7 52
24 116
24 14
115 52
131 31
131 13
131 59
131 12
131 52
60 48
60 95
60 120
60 137
55 94
55 88
55 137
55 32
55 106
70 94
70 65
70 88
72 87
72 75
72 58
72 18
72 91
11 86
84 32
86 137
86 100
86 52
86 18
86 106
86 45
23 18
23 94
23 88
64 12
64 52
57 88
57 127
57 137
83 53
31 18
31 89
31 13
31 59
31 12
31 52
52 33
52 43
52 34
52 35
52 100
52 75
52 81
52 98
52 97
52 102
52 13
52 59
52 110
52 12
52 128
52 89
52 105
52 74
52 88
52 48
52 95
52 137
52 37
52 18
13 59
13 12
88 32
88 105
88 127
88 118
88 89
88 4
88 39
88 47
88 106
88 22
88 65
88 116
88 14
88 54
88 48
88 95
88 137
88 94
88 18
88 2
88 101
67 4
67 18
67 75
12 59
12 89
12 18
54 95
54 4
54 106
54 137
54 94
54 116
54 14
35 18
39 137
39 89
39 4
39 94
39 47
39 106
58 18
32 95
32 137
32 94
32 106
43 33
48 94
48 106
48 105
48 124
48 120
48 114
48 137
48 95
95 94
95 105
95 106
95 120
95 137
47 137
47 89
47 4
47 94
47 106
14 116
37 106
37 26
37 92
37 18
87 75
87 18
18 34
18 4
18 106
18 137
18 100
18 26
18 97
18 92
18 98
18 99
18 80
18 75
18 91
18 89
18 105
18 74
18 94
92 26
99 80
4 75
4 137
4 89
4 94
4 106
75 34
74 128
74 89
74 105
105 94
105 137
105 106
98 136
98 128
98 89
110 128
102 100
102 137
102 89
26 106
89 81
89 136
89 122
89 94
89 106
89 137
89 128
65 94
114 120
114 137
22 94
100 137
120 137
118 137
122 128
1 94
127 137
81 128
124 137
94 106
94 137
106 137
