VERTICES = 210
EDGES = 1637
210 153
208 153
207 153
206 153
205 153
193 153
203 153
203 206
202 153
202 205
201 153
201 193
200 153
200 208
179 153
179 207
198 153
198 210
40 34
171 43
171 40
11 191
164 191
190 34
190 164
187 43
187 11
177 34
177 191
177 40
177 11
148 43
148 191
148 171
148 164
162 34
162 43
162 190
162 187
138 40
138 171
184 11
184 187
184 138
117 164
117 190
117 138
117 184
10 210
10 208
10 207
10 34
10 43
10 191
59 206
59 200
59 198
59 43
59 40
59 11
59 10
159 193
159 200
159 179
159 191
159 190
159 187
159 10
165 205
165 179
165 198
165 34
165 171
165 164
165 10
182 208
182 206
182 193
182 40
182 190
182 148
182 10
4 210
4 206
4 205
4 11
4 164
4 162
4 10
38 207
38 205
38 193
38 171
38 187
38 177
38 10
35 206
35 205
35 193
35 177
35 148
35 162
35 59
35 159
35 165
169 203
169 202
169 201
169 177
169 148
169 162
169 182
169 4
169 38
54 203
54 201
54 200
54 40
54 190
54 148
54 35
60 202
60 201
60 179
60 171
60 187
60 177
60 35
98 203
98 202
98 198
98 11
98 164
98 162
98 35
152 206
152 201
152 198
152 40
152 162
152 184
152 60
72 206
72 202
72 200
72 11
72 148
72 138
72 60
135 205
135 203
135 179
135 164
135 177
135 138
135 54
135 72
118 193
118 202
118 200
118 187
118 148
118 117
118 98
134 193
134 203
134 179
134 190
134 177
134 184
134 98
134 152
32 205
32 201
32 198
32 171
32 162
32 117
32 54
32 118
26 200
26 179
26 198
26 34
26 43
26 191
26 54
26 60
26 98
110 210
110 193
110 203
110 40
110 162
110 184
110 59
110 38
110 32
36 208
36 205
36 201
36 187
36 148
36 117
36 159
36 4
36 72
161 210
161 193
161 202
161 171
161 162
161 117
161 165
161 182
161 152
161 36
50 207
50 206
50 202
50 164
50 177
50 138
50 165
50 182
50 134
45 208
45 205
45 203
45 11
45 148
45 138
45 59
45 38
45 118
45 50
154 207
154 206
154 201
154 190
154 177
154 184
154 159
154 4
154 135
154 110
139 208
139 193
139 198
139 191
139 40
139 117
139 165
139 54
139 134
139 45
146 210
146 206
146 179
146 43
146 164
146 184
146 159
146 98
146 72
146 161
109 207
109 193
109 198
109 191
109 171
109 184
109 59
109 60
109 118
109 50
109 146
114 207
114 205
114 200
114 34
114 187
114 138
114 59
114 60
114 32
114 154
96 210
96 205
96 200
96 34
96 11
96 117
96 159
96 98
96 135
96 110
96 139
147 208
147 206
147 179
147 43
147 190
147 138
147 165
147 54
147 152
147 36
147 114
144 210
144 201
144 200
144 191
144 40
144 117
144 182
144 72
144 154
144 109
121 208
121 202
121 179
121 34
121 187
121 138
121 38
121 134
121 161
121 96
62 210
62 201
62 179
62 191
62 171
62 184
62 38
62 135
62 36
62 139
74 207
74 203
74 200
74 43
74 190
74 138
74 182
74 118
74 110
74 146
74 121
128 207
128 203
128 198
128 43
128 164
128 184
128 4
128 32
128 45
128 147
128 62
124 208
124 202
124 198
124 34
124 11
124 117
124 4
124 152
124 50
124 114
124 144
84 210
84 208
84 203
84 43
84 40
84 11
84 169
84 152
84 72
84 26
84 121
84 62
16 210
16 207
16 202
16 34
16 171
16 164
16 169
16 135
16 32
16 26
16 144
16 74
103 208
103 207
103 201
103 191
103 190
103 187
103 169
103 118
103 134
103 26
103 128
103 124
129 25
153 129
153 25
210 129
210 25
208 129
208 25
207 129
207 25
206 129
206 25
205 129
205 25
193 129
193 25
203 129
203 25
202 129
202 25
201 129
201 25
200 129
200 25
179 129
179 25
198 129
198 25
34 129
34 25
43 129
43 25
191 129
191 25
40 129
40 25
171 129
171 25
11 129
11 25
164 129
164 25
190 129
190 25
187 129
187 25
177 129
177 25
148 129
148 25
162 129
162 25
138 129
138 25
184 129
184 25
117 129
117 25
10 129
10 25
59 129
59 25
159 129
159 25
165 129
165 25
182 129
182 25
4 129
4 25
38 129
38 25
35 129
35 25
169 129
169 25
54 129
54 25
60 129
60 25
98 129
98 25
152 129
152 25
72 129
72 25
135 129
135 25
118 129
118 25
134 129
134 25
32 129
32 25
26 129
26 25
110 129
110 25
36 129
36 25
161 129
161 25
50 129
50 25
45 129
45 25
154 129
154 25
139 129
139 25
146 129
146 25
109 129
109 25
114 129
114 25
96 129
96 25
147 129
147 25
144 129
144 25
121 129
121 25
62 129
62 25
74 129
74 25
128 129
128 25
124 129
124 25
84 129
84 25
16 129
16 25
103 129
103 25
25 95
209 57
42 57
192 57
166 57
168 57
65 57
194 57
194 166
183 57
183 168
196 57
196 65
141 57
141 42
163 57
163 192
157 57
157 209
180 186
156 14
156 180
125 188
66 188
185 186
185 66
113 14
113 125
55 186
55 188
55 180
55 125
175 14
175 188
175 156
175 66
142 186
142 14
142 185
142 113
93 180
93 156
120 125
120 113
120 93
107 66
107 185
107 93
107 120
33 209
33 42
33 192
33 186
33 14
33 188
30 166
30 141
30 157
30 14
30 180
30 125
30 33
106 65
106 141
106 163
106 188
106 185
106 113
106 33
101 168
101 163
101 157
101 186
101 156
101 66
101 33
63 42
63 166
63 65
63 180
63 185
63 175
63 33
15 209
15 166
15 168
15 125
15 66
15 142
15 33
137 192
137 168
137 65
137 156
137 113
137 55
137 33
1 166
1 168
1 65
1 55
1 175
1 142
1 30
1 106
1 101
145 194
145 183
145 196
145 55
145 175
145 142
145 63
145 15
145 137
119 194
119 196
119 141
119 180
119 185
119 175
119 1
105 183
105 196
105 163
105 156
105 113
105 55
105 1
89 194
89 183
89 157
89 125
89 66
89 142
89 1
149 166
149 196
149 157
149 180
149 142
149 120
149 105
23 166
23 183
23 141
23 125
23 175
23 93
23 105
19 168
19 194
19 163
19 66
19 55
19 93
19 119
19 23
48 65
48 183
48 141
48 113
48 175
48 107
48 89
143 65
143 194
143 163
143 185
143 55
143 120
143 89
143 149
81 168
81 196
81 157
81 156
81 142
81 107
81 119
81 48
75 141
75 163
75 157
75 186
75 14
75 188
75 119
75 105
75 89
76 209
76 65
76 194
76 180
76 142
76 120
76 30
76 137
76 81
83 42
83 168
83 196
83 113
83 175
83 107
83 106
83 15
83 23
136 209
136 65
136 183
136 156
136 142
136 107
136 101
136 63
136 149
136 83
58 192
58 166
58 183
58 66
58 55
58 93
58 101
58 63
58 143
97 42
97 168
97 194
97 125
97 175
97 93
97 30
97 137
97 48
97 58
133 192
133 166
133 196
133 185
133 55
133 120
133 106
133 15
133 19
133 76
31 42
31 65
31 157
31 188
31 180
31 107
31 101
31 119
31 143
31 97
41 209
41 166
41 163
41 14
41 66
41 120
41 106
41 89
41 23
41 136
78 192
78 65
78 157
78 188
78 156
78 120
78 30
78 105
78 48
78 58
78 41
77 192
77 168
77 141
77 186
77 113
77 93
77 30
77 105
77 81
77 133
82 209
82 168
82 141
82 186
82 125
82 107
82 106
82 89
82 19
82 76
82 31
100 42
100 166
100 163
100 14
100 185
100 93
100 101
100 119
100 149
100 83
100 77
51 209
51 196
51 141
51 188
51 180
51 107
51 63
51 23
51 133
51 78
3 42
3 183
3 163
3 186
3 113
3 93
3 137
3 143
3 136
3 82
22 209
22 196
22 163
22 188
22 156
22 120
22 137
22 19
22 83
22 31
88 192
88 194
88 141
88 14
88 185
88 93
88 63
88 48
88 76
88 41
88 3
61 192
61 194
61 157
61 14
61 66
61 120
61 15
61 81
61 97
61 100
61 22
21 42
21 183
21 157
21 186
21 125
21 107
21 15
21 149
21 58
21 77
21 51
95 209
95 42
95 194
95 14
95 180
95 125
95 145
95 149
95 23
95 75
95 3
95 22
116 209
116 192
116 183
116 186
116 156
116 66
116 145
116 19
116 81
116 75
116 51
116 88
68 42
68 192
68 196
68 188
68 185
68 113
68 145
68 48
68 143
68 75
68 61
68 21
127 29
57 127
57 29
209 127
209 29
42 127
42 29
192 127
192 29
166 127
166 29
168 127
168 29
65 127
65 29
194 127
194 29
183 127
183 29
196 127
196 29
141 127
141 29
163 127
163 29
157 127
157 29
186 127
186 29
14 127
14 29
188 127
188 29
180 127
180 29
156 127
156 29
125 127
125 29
66 127
66 29
185 127
185 29
113 127
113 29
55 127
55 29
175 127
175 29
142 127
142 29
93 127
93 29
120 127
120 29
107 127
107 29
33 127
33 29
30 127
30 29
106 127
106 29
101 127
101 29
63 127
63 29
15 127
15 29
137 127
137 29
1 127
1 29
145 127
145 29
119 127
119 29
105 127
105 29
89 127
89 29
149 127
149 29
23 127
23 29
19 127
19 29
48 127
48 29
143 127
143 29
81 127
81 29
75 127
75 29
76 127
76 29
83 127
83 29
136 127
136 29
58 127
58 29
97 127
97 29
133 127
133 29
31 127
31 29
41 127
41 29
78 127
78 29
77 127
77 29
82 127
82 29
100 127
100 29
51 127
51 29
3 127
3 29
22 127
22 29
88 127
88 29
61 127
61 29
21 127
21 29
95 127
95 29
116 127
116 29
68 127
68 29
29 104
173 104
80 104
17 104
178 104
140 104
123 104
90 104
90 178
7 104
7 140
37 104
37 123
44 104
44 80
46 104
46 17
85 104
85 173
102 132
64 20
64 102
160 112
56 112
86 132
86 56
70 20
70 160
87 132
87 112
87 102
87 160
13 20
13 112
13 64
13 56
111 132
111 20
111 86
111 70
28 102
28 64
181 160
181 70
181 28
67 56
67 86
67 28
67 181
91 173
91 80
91 17
91 132
91 20
91 112
71 178
71 44
71 85
71 20
71 102
71 160
71 91
199 123
199 44
199 46
199 112
199 86
199 70
199 91
94 140
94 46
94 85
94 132
94 64
94 56
94 91
27 80
27 178
27 123
27 102
27 86
27 13
27 91
53 173
53 178
53 140
53 160
53 56
53 111
53 91
158 17
158 140
158 123
158 64
158 70
158 87
158 91
69 178
69 140
69 123
69 87
69 13
69 111
69 71
69 199
69 94
115 90
115 7
115 37
115 87
115 13
115 111
115 27
115 53
115 158
12 90
12 37
12 44
12 102
12 86
12 13
12 69
151 7
151 37
151 46
151 64
151 70
151 87
151 69
6 90
6 7
6 85
6 160
6 56
6 111
6 69
79 178
79 37
79 85
79 102
79 111
79 181
79 151
2 178
2 7
2 44
2 160
2 13
2 28
2 151
24 140
24 90
24 46
24 56
24 87
24 28
24 12
24 2
170 123
170 7
170 44
170 70
170 13
170 67
170 6
52 123
52 90
52 46
52 86
52 87
52 181
52 6
52 79
92 140
92 37
92 85
92 64
92 111
92 67
92 12
92 170
167 44
167 46
167 85
167 132
167 20
167 112
167 12
167 151
167 6
5 173
5 123
5 90
5 102
5 111
5 181
5 71
5 158
5 92
18 80
18 140
18 37
18 70
18 13
18 67
18 199
18 53
18 2
130 173
130 123
130 7
130 64
130 111
130 67
130 94
130 27
130 79
130 18
73 17
73 178
73 7
73 56
73 87
73 28
73 94
73 27
73 52
39 80
39 140
39 90
39 160
39 13
39 28
39 71
39 158
39 170
39 73
108 17
108 178
108 37
108 86
108 87
108 181
108 199
108 53
108 24
108 5
9 80
9 123
9 85
9 112
9 102
9 67
9 94
9 12
9 52
9 39
47 173
47 178
47 46
47 20
47 56
47 181
47 199
47 6
47 2
47 130
131 17
131 123
131 85
131 112
131 64
131 181
131 71
131 151
131 170
131 73
131 47
150 17
150 140
150 44
150 132
150 70
150 28
150 71
150 151
150 92
150 108
195 173
195 140
195 44
195 132
195 160
195 67
195 199
195 6
195 24
195 5
195 9
99 80
99 178
99 46
99 20
99 86
99 28
99 94
99 12
99 79
99 18
99 150
49 173
49 37
49 44
49 112
49 102
49 67
49 27
49 2
49 108
49 131
155 80
155 7
155 46
155 132
155 70
155 28
155 158
155 52
155 130
155 195
174 173
174 37
174 46
174 112
174 64
174 181
174 158
174 24
174 18
174 9
189 17
189 90
189 44
189 20
189 86
189 28
189 27
189 170
189 5
189 47
189 155
126 17
126 90
126 85
126 20
126 56
126 181
126 53
126 92
126 39
126 99
126 174
197 80
197 7
197 85
197 132
197 160
197 67
197 53
197 79
197 73
197 150
197 49
122 173
122 80
122 90
122 20
122 102
122 160
122 115
122 79
122 2
122 167
122 155
122 174
204 173
204 17
204 7
204 132
204 64
204 56
204 115
204 24
204 92
204 167
204 49
204 189
176 80
176 17
176 37
176 112
176 86
176 70
176 115
176 170
176 52
176 167
176 126
176 197
172 8
104 172
104 8
173 172
173 8
80 172
80 8
17 172
17 8
178 172
178 8
140 172
140 8
123 172
123 8
90 172
90 8
7 172
7 8
37 172
37 8
44 172
44 8
46 172
46 8
85 172
85 8
132 172
132 8
20 172
20 8
112 172
112 8
102 172
102 8
64 172
64 8
160 172
160 8
56 172
56 8
86 172
86 8
70 172
70 8
87 172
87 8
13 172
13 8
111 172
111 8
28 172
28 8
181 172
181 8
67 172
67 8
91 172
91 8
71 172
71 8
199 172
199 8
94 172
94 8
27 172
27 8
53 172
53 8
158 172
158 8
69 172
69 8
115 172
115 8
12 172
12 8
151 172
151 8
6 172
6 8
79 172
79 8
2 172
2 8
24 172
24 8
170 172
170 8
52 172
52 8
92 172
92 8
167 172
167 8
5 172
5 8
18 172
18 8
130 172
130 8
73 172
73 8
39 172
39 8
108 172
108 8
9 172
9 8
47 172
47 8
131 172
131 8
150 172
150 8
195 172
195 8
99 172
99 8
49 172
49 8
155 172
155 8
174 172
174 8
189 172
189 8
126 172
126 8
197 172
197 8
122 172
122 8
204 172
204 8
176 172
176 8
