VERTICES = 81
EDGES = 1056
37 59
37 35
37 43
37 7
37 38
37 47
37 57
37 80
37 81
37 79
37 78
37 21
37 76
37 69
37 74
37 30
37 65
37 11
37 23
37 22
37 15
37 48
37 58
37 72
81 68
81 45
81 42
81 26
81 55
81 33
81 2
81 65
81 79
81 78
81 21
81 76
81 69
81 74
81 30
81 59
81 41
81 61
81 46
81 34
81 17
81 54
81 73
79 44
79 14
79 12
79 39
79 50
79 8
79 59
79 11
79 78
79 21
79 76
79 69
79 74
79 30
79 68
79 35
79 5
79 1
79 27
79 62
79 19
79 10
78 6
78 18
78 40
78 20
78 52
78 68
78 41
78 23
78 21
78 76
78 69
78 74
78 30
78 44
78 45
78 43
78 31
78 71
78 13
78 63
78 75
21 9
21 4
21 36
21 32
21 44
21 35
21 61
21 22
21 76
21 69
21 74
21 30
21 6
21 14
21 42
21 7
21 49
21 29
21 28
21 67
76 64
76 16
76 3
76 6
76 45
76 5
76 46
76 15
76 69
76 74
76 30
76 9
76 18
76 12
76 26
76 38
76 56
76 66
76 60
69 25
69 51
69 9
69 14
69 43
69 1
69 34
69 48
69 74
69 30
69 64
69 4
69 40
69 39
69 55
69 47
69 53
69 77
74 24
74 64
74 18
74 42
74 31
74 27
74 17
74 58
74 30
74 25
74 16
74 36
74 20
74 50
74 33
74 57
74 70
30 25
30 4
30 12
30 7
30 71
30 62
30 54
30 72
30 24
30 51
30 3
30 32
30 52
30 8
30 2
30 80
65 41
65 5
65 31
65 49
65 56
65 53
65 70
65 59
65 68
65 44
65 6
65 9
65 64
65 25
65 24
65 11
65 23
65 22
65 15
65 48
65 58
65 72
59 35
59 43
59 7
59 38
59 47
59 57
59 80
59 11
59 68
59 44
59 6
59 9
59 64
59 25
59 24
59 41
59 61
59 46
59 34
59 17
59 54
59 73
68 45
68 42
68 26
68 55
68 33
68 2
68 41
68 23
68 44
68 6
68 9
68 64
68 25
68 24
68 35
68 5
68 1
68 27
68 62
68 19
68 10
44 14
44 12
44 39
44 50
44 8
44 35
44 61
44 22
44 6
44 9
44 64
44 25
44 24
44 45
44 43
44 31
44 71
44 13
44 63
44 75
6 18
6 40
6 20
6 52
6 45
6 5
6 46
6 15
6 9
6 64
6 25
6 24
6 14
6 42
6 7
6 49
6 29
6 28
6 67
9 4
9 36
9 32
9 14
9 43
9 1
9 34
9 48
9 64
9 25
9 24
9 18
9 12
9 26
9 38
9 56
9 66
9 60
64 16
64 3
64 18
64 42
64 31
64 27
64 17
64 58
64 25
64 24
64 4
64 40
64 39
64 55
64 47
64 53
64 77
25 51
25 4
25 12
25 7
25 71
25 62
25 54
25 72
25 24
25 16
25 36
25 20
25 50
25 33
25 57
25 70
24 16
24 40
24 26
24 49
24 13
24 19
24 73
24 51
24 3
24 32
24 52
24 8
24 2
24 80
11 61
11 1
11 71
11 29
11 66
11 77
11 41
11 35
11 45
11 14
11 18
11 4
11 16
11 51
11 23
11 22
11 15
11 48
11 58
11 72
41 5
41 31
41 49
41 56
41 53
41 70
41 23
41 35
41 45
41 14
41 18
41 4
41 16
41 51
41 61
41 46
41 34
41 17
41 54
41 73
35 43
35 7
35 38
35 47
35 57
35 80
35 61
35 22
35 45
35 14
35 18
35 4
35 16
35 51
35 5
35 1
35 27
35 62
35 19
35 10
45 42
45 26
45 55
45 33
45 2
45 5
45 46
45 15
45 14
45 18
45 4
45 16
45 51
45 43
45 31
45 71
45 13
45 63
45 75
14 12
14 39
14 50
14 8
14 43
14 1
14 34
14 48
14 18
14 4
14 16
14 51
14 42
14 7
14 49
14 29
14 28
14 67
18 40
18 20
18 52
18 42
18 31
18 27
18 17
18 58
18 4
18 16
18 51
18 12
18 26
18 38
18 56
18 66
18 60
4 36
4 32
4 12
4 7
4 71
4 62
4 54
4 72
4 16
4 51
4 40
4 39
4 55
4 47
4 53
4 77
16 3
16 40
16 26
16 49
16 13
16 19
16 73
16 51
16 36
16 20
16 50
16 33
16 57
16 70
51 36
51 39
51 38
51 29
51 63
51 10
51 3
51 32
51 52
51 8
51 2
51 80
23 46
23 27
23 13
23 28
23 60
23 61
23 5
23 43
23 42
23 12
23 40
23 36
23 3
23 22
23 15
23 48
23 58
23 72
61 1
61 71
61 29
61 66
61 77
61 22
61 5
61 43
61 42
61 12
61 40
61 36
61 3
61 46
61 34
61 17
61 54
61 73
5 31
5 49
5 56
5 53
5 70
5 46
5 15
5 43
5 42
5 12
5 40
5 36
5 3
5 1
5 27
5 62
5 19
5 10
43 7
43 38
43 47
43 57
43 80
43 1
43 34
43 48
43 42
43 12
43 40
43 36
43 3
43 31
43 71
43 13
43 63
43 75
42 26
42 55
42 33
42 2
42 31
42 27
42 17
42 58
42 12
42 40
42 36
42 3
42 7
42 49
42 29
42 28
42 67
12 39
12 50
12 8
12 7
12 71
12 62
12 54
12 72
12 40
12 36
12 3
12 26
12 38
12 56
12 66
12 60
40 20
40 52
40 26
40 49
40 13
40 19
40 73
40 36
40 3
40 39
40 55
40 47
40 53
40 77
36 32
36 39
36 38
36 29
36 63
36 10
36 3
36 20
36 50
36 33
36 57
36 70
3 20
3 55
3 56
3 28
3 75
3 32
3 52
3 8
3 2
3 80
22 34
22 62
22 63
22 67
22 46
22 1
22 31
22 7
22 26
22 39
22 20
22 32
22 15
22 48
22 58
22 72
46 27
46 13
46 28
46 60
46 15
46 1
46 31
46 7
46 26
46 39
46 20
46 32
46 34
46 17
46 54
46 73
1 71
1 29
1 66
1 77
1 34
1 48
1 31
1 7
1 26
1 39
1 20
1 32
1 27
1 62
1 19
1 10
31 49
31 56
31 53
31 70
31 27
31 17
31 58
31 7
31 26
31 39
31 20
31 32
31 71
31 13
31 63
31 75
7 38
7 47
7 57
7 80
7 71
7 62
7 54
7 72
7 26
7 39
7 20
7 32
7 49
7 29
7 28
7 67
26 55
26 33
26 2
26 49
26 13
26 19
26 73
26 39
26 20
26 32
26 38
26 56
26 66
26 60
39 50
39 8
39 38
39 29
39 63
39 10
39 20
39 32
39 55
39 47
39 53
39 77
20 52
20 55
20 56
20 28
20 75
20 32
20 50
20 33
20 57
20 70
32 50
32 47
32 66
32 67
32 52
32 8
32 2
32 80
15 17
15 19
15 75
15 34
15 27
15 71
15 49
15 38
15 55
15 50
15 52
15 48
15 58
15 72
34 62
34 63
34 67
34 48
34 27
34 71
34 49
34 38
34 55
34 50
34 52
34 17
34 54
34 73
27 13
27 28
27 60
27 17
27 58
27 71
27 49
27 38
27 55
27 50
27 52
27 62
27 19
27 10
71 29
71 66
71 77
71 62
71 54
71 72
71 49
71 38
71 55
71 50
71 52
71 13
71 63
71 75
49 56
49 53
49 70
49 13
49 19
49 73
49 38
49 55
49 50
49 52
49 29
49 28
49 67
38 47
38 57
38 80
38 29
38 63
38 10
38 55
38 50
38 52
38 56
38 66
38 60
55 33
55 2
55 56
55 28
55 75
55 50
55 52
55 47
55 53
55 77
50 8
50 47
50 66
50 67
50 52
50 33
50 57
50 70
52 33
52 53
52 60
52 8
52 2
52 80
48 54
48 10
48 17
48 62
48 13
48 29
48 56
48 47
48 33
48 8
48 58
48 72
17 19
17 75
17 58
17 62
17 13
17 29
17 56
17 47
17 33
17 8
17 54
17 73
62 63
62 67
62 54
62 72
62 13
62 29
62 56
62 47
62 33
62 8
62 19
62 10
13 28
13 60
13 19
13 73
13 29
13 56
13 47
13 33
13 8
13 63
13 75
29 66
29 77
29 63
29 10
29 56
29 47
29 33
29 8
29 28
29 67
56 53
56 70
56 28
56 75
56 47
56 33
56 8
56 66
56 60
47 57
47 80
47 66
47 67
47 33
47 8
47 53
47 77
33 2
33 53
33 60
33 8
33 57
33 70
8 57
8 77
8 2
8 80
58 73
58 54
58 19
58 63
58 28
58 66
58 53
58 57
58 2
58 72
54 10
54 72
54 19
54 63
54 28
54 66
54 53
54 57
54 2
54 73
19 75
19 73
19 63
19 28
19 66
19 53
19 57
19 2
19 10
63 67
63 10
63 28
63 66
63 53
63 57
63 2
63 75
28 60
28 75
28 66
28 53
28 57
28 2
28 67
66 77
66 67
66 53
66 57
66 2
66 60
53 70
53 60
53 57
53 2
53 77
57 80
57 77
57 2
57 70
2 70
2 80
72 73
72 10
72 75
72 67
72 60
72 77
72 70
72 80
73 10
73 75
73 67
73 60
73 77
73 70
73 80
10 75
10 67
10 60
10 77
10 70
10 80
75 67
75 60
75 77
75 70
75 80
67 60
67 77
67 70
67 80
60 77
60 70
60 80
77 70
77 80
70 80
