VERTICES = 738
EDGES = 738
621 66
70 701
183 708
658 679
678 696
590 670
161 706
661 685
36 702
253 693
142 454
622 695
682 183
639 658
684 621
673 70
576 161
191 661
603 678
664 590
645 142
657 622
560 36
595 253
184 315
629 699
184 655
629 672
666 245
642 284
666 632
642 378
633 712
53 677
489 553
654 716
607 576
186 191
607 603
186 664
607 560
186 595
644 682
627 639
644 684
627 673
644 645
627 657
660 454
586 695
660 632
586 378
660 633
586 53
58 702
515 693
58 655
515 672
58 489
515 654
602 263
135 738
602 245
135 284
602 315
135 699
623 730
101 705
623 680
101 715
623 66
101 701
593 736
600 733
593 731
600 727
593 708
600 679
597 697
557 717
597 707
557 720
597 696
557 670
638 723
5 110
638 704
5 709
638 706
5 685
5 638
5 235
601 589
17 242
606 300
6 487
539 572
23 563
477 81
549 583
594 575
573 503
569 31
498 376
585 606
481 6
54 601
495 17
107 477
581 549
545 539
488 23
155 569
392 498
552 594
231 573
417 2
330 513
417 473
330 266
496 624
468 620
496 536
468 389
141 568
527 244
541 610
482 544
65 107
274 581
65 545
274 488
65 552
274 231
494 585
564 481
494 54
564 495
494 155
564 392
384 31
491 376
384 536
491 389
384 141
491 527
647 575
442 503
647 473
442 266
647 541
442 482
152 235
262 533
152 624
262 620
152 2
262 513
105 625
514 309
105 37
514 199
105 589
514 242
551 617
109 478
551 616
109 628
551 300
109 487
288 615
207 464
288 611
207 7
288 572
207 563
151 86
313 591
151 584
313 596
151 81
313 583
313 151
313 159
331 286
208 163
115 178
106 229
341 29
323 347
452 516
391 448
326 517
450 9
382 508
124 4
154 115
470 106
475 331
19 208
39 452
290 391
223 341
246 323
333 382
220 124
13 326
327 450
318 82
546 370
318 11
546 476
310 519
385 239
310 461
385 456
379 279
285 485
353 225
238 25
80 39
366 290
80 223
366 246
80 13
366 327
192 154
346 470
192 475
346 19
192 333
346 220
325 508
88 4
325 461
88 456
325 379
88 285
579 517
259 9
579 11
259 476
579 353
259 238
350 159
405 547
350 519
405 239
350 82
405 370
94 407
120 203
94 409
120 472
94 286
120 163
218 55
453 521
218 123
453 500
218 178
453 229
59 463
57 540
59 257
57 45
59 29
57 347
243 434
431 96
243 165
431 62
243 516
431 448
431 243
431 26
400 264
221 358
373 217
362 181
194 317
357 348
556 131
283 395
304 388
398 328
550 393
493 171
571 373
339 362
150 400
287 221
349 556
387 283
390 194
344 357
72 550
149 493
198 304
369 398
640 343
412 351
640 402
412 202
307 424
295 532
307 210
295 269
137 436
430 282
465 175
381 433
332 349
403 387
332 390
403 344
332 198
403 369
440 571
104 339
440 150
104 287
440 72
104 149
42 393
118 171
42 210
118 269
42 137
118 430
562 388
492 328
562 402
492 202
562 465
492 381
212 26
321 444
212 424
321 532
212 343
321 351
338 352
99 228
338 504
99 293
338 264
99 358
93 167
314 394
93 451
314 33
93 217
314 181
20 416
404 375
20 296
404 316
20 317
404 348
168 372
501 116
168 129
501 383
168 131
501 395
501 168
263 174
501 270
174 359
270 737
635 114
268 195
397 301
386 289
479 278
322 76
411 138
258 40
408 32
41 421
52 267
108 75
79 397
399 386
355 635
180 268
119 411
559 258
3 479
144 322
216 52
209 108
577 408
291 41
345 415
360 121
345 490
360 188
74 204
371 449
74 177
371 240
247 538
176 22
14 506
336 224
273 119
410 559
273 3
410 144
273 577
410 291
197 79
437 399
197 355
437 180
197 216
437 209
189 267
401 75
189 177
401 240
189 247
401 176
299 32
215 421
299 490
215 188
299 14
215 336
292 359
164 211
292 204
164 449
292 415
164 121
143 298
1 147
143 200
1 419
143 114
1 195
446 374
396 158
446 354
396 711
446 301
396 289
46 139
455 78
46 169
455 329
46 278
455 76
130 261
182 281
130 308
182 364
130 138
182 40
182 130
182 447
459 425
418 324
132 98
248 334
136 363
311 148
302 361
230 335
166 170
69 83
187 558
439 260
413 132
133 248
297 459
56 418
12 302
486 230
256 136
653 311
213 187
252 439
63 166
443 69
429 426
185 469
429 173
185 428
614 280
580 30
614 51
580 156
530 272
319 483
157 320
250 367
43 12
531 486
43 256
531 653
43 63
531 443
227 413
100 133
227 297
100 56
227 213
100 252
432 558
414 260
432 51
414 156
432 530
414 319
619 170
543 83
619 173
543 428
619 157
543 250
507 447
102 438
507 280
102 30
507 426
102 469
236 162
196 241
236 380
196 153
236 425
196 324
480 435
542 172
480 113
542 303
480 98
542 334
193 201
140 277
193 50
140 340
193 363
140 148
466 95
103 423
466 445
103 588
466 361
103 335
103 466
103 205
548 537
251 254
61 91
117 570
128 16
237 457
160 474
555 8
598 232
510 48
337 249
458 134
64 61
509 117
255 548
524 251
526 160
112 555
587 128
38 237
226 337
34 458
512 598
522 510
613 67
265 179
613 497
265 605
518 15
420 422
518 356
420 90
505 511
609 47
73 525
561 365
27 526
535 112
27 587
535 38
27 512
535 522
574 64
92 509
574 255
92 524
574 226
92 34
275 249
49 134
275 356
49 90
275 505
49 609
342 232
276 48
342 497
276 605
342 73
276 561
68 205
604 427
68 15
604 422
68 67
604 179
146 484
523 190
146 534
523 305
146 537
523 254
567 592
460 127
567 612
460 84
567 91
460 570
233 502
219 528
233 125
219 471
233 16
219 457
294 60
636 44
294 271
636 214
294 474
636 8
636 294
636 406
122 145
554 28
668 662
85 671
565 648
663 675
35 18
578 21
686 368
676 652
651 674
690 529
694 668
692 85
683 122
97 554
689 35
649 578
698 565
700 663
87 651
626 690
111 686
669 676
659 24
312 650
659 667
312 71
89 618
10 634
89 656
10 703
688 582
681 441
665 462
713 599
710 689
721 649
710 698
721 700
710 111
721 669
687 694
719 692
687 683
719 97
687 87
719 626
722 674
631 529
722 656
631 703
722 688
631 681
724 368
726 652
724 667
726 71
724 665
726 713
725 406
728 641
725 618
728 634
725 24
728 650
714 499
691 608
714 377
691 637
714 145
691 28
729 234
718 77
729 467
718 222
729 662
718 671
732 566
735 646
732 206
735 630
732 648
735 675
734 520
737 643
734 306
737 126
734 18
737 21
737 734
