VERTICES = 901
EDGES = 1802
634 632
875 877
480 764
154 482
642 385
450 451
776 560
741 686
194 619
130 120
328 168
718 633
109 393
651 652
722 725
901 586
637 88
417 864
436 452
893 894
733 28
753 754
165 160
257 322
434 431
872 873
479 478
890 41
880 879
178 900
314 73
344 151
566 136
123 124
9 13
488 269
170 312
745 744
865 839
3 190
69 231
265 294
737 801
32 111
685 686
472 137
731 688
347 144
574 572
596 597
702 704
774 775
436 350
572 37
202 128
391 214
733 736
763 846
449 373
627 236
175 308
55 387
131 346
859 570
162 449
612 388
738 801
260 152
693 694
837 415
297 528
738 867
357 815
223 805
404 383
747 884
171 437
70 135
780 781
360 384
793 228
714 775
474 447
862 823
59 197
236 260
425 303
881 884
475 493
70 886
354 502
439 278
668 663
796 797
521 510
43 423
522 316
120 556
535 894
5 726
471 830
417 51
803 663
513 523
47 559
50 863
183 718
30 337
613 736
242 833
42 838
800 794
139 679
753 10
166 374
236 152
336 156
866 50
1 842
292 254
187 818
857 741
43 422
230 325
587 588
495 341
16 201
901 572
731 779
399 206
304 554
189 143
645 646
233 238
83 272
590 592
23 97
435 293
429 524
123 728
22 21
615 58
387 409
667 668
856 300
825 32
875 861
5 7
834 830
234 160
459 462
832 878
304 555
368 395
110 113
505 232
848 847
376 255
258 366
306 318
228 229
808 812
491 230
89 225
211 665
103 19
274 853
532 533
598 601
707 6
788 806
581 355
650 617
867 73
716 711
241 853
408 640
226 216
156 694
367 538
658 580
754 378
376 377
726 759
109 548
558 559
348 129
382 253
896 890
630 631
638 640
236 719
859 630
39 564
618 621
803 804
449 445
872 116
279 708
527 530
761 814
451 452
119 230
135 500
458 455
745 712
531 82
647 648
373 374
186 3
560 622
375 370
294 209
534 626
731 791
186 190
18 217
28 736
99 100
459 461
559 680
536 868
778 772
622 624
99 11
505 90
479 477
315 325
567 136
516 517
288 224
833 851
779 791
83 271
375 193
737 740
282 844
627 267
273 481
92 45
439 440
33 438
465 455
376 850
555 318
453 255
122 796
824 32
327 893
429 430
288 413
739 740
25 467
253 646
23 12
495 494
31 612
757 277
116 444
701 703
245 247
507 207
319 284
662 665
39 446
527 702
648 231
371 372
329 168
252 102
202 196
788 790
359 654
546 547
684 720
8 489
158 240
82 533
188 52
458 782
111 895
885 886
531 532
320 869
878 831
412 414
838 839
594 92
107 140
289 380
717 689
638 639
234 72
545 246
337 401
178 587
427 95
785 789
729 434
100 648
573 585
721 119
779 758
311 176
627 235
383 64
509 225
442 478
636 87
361 629
792 772
841 842
2 6
190 415
731 7
211 591
684 169
651 653
512 562
394 547
19 895
492 447
279 709
797 798
755 378
20 137
341 494
561 607
49 145
474 470
132 346
323 570
26 65
13 416
154 89
367 539
544 246
497 341
328 329
287 412
195 352
309 752
514 523
5 416
336 694
331 681
330 167
22 12
30 338
25 733
361 200
840 843
505 628
716 284
709 710
32 612
658 355
435 466
690 692
587 609
873 118
332 374
353 399
635 636
304 283
171 172
851 852
611 62
203 291
124 128
57 44
809 723
469 446
53 54
210 35
398 205
250 261
325 326
87 387
899 585
741 72
769 750
170 313
59 66
264 860
315 326
542 582
659 655
538 342
670 671
856 701
481 484
109 546
589 248
587 595
722 811
407 812
384 489
264 89
57 58
401 365
610 498
482 150
149 885
365 113
577 664
802 804
138 822
322 408
581 652
611 63
686 72
83 584
340 365
477 478
367 541
891 894
130 129
429 74
131 391
242 212
828 829
697 106
408 409
530 299
117 687
592 593
146 49
61 164
402 217
644 673
675 780
574 145
550 608
620 613
92 126
457 689
461 631
738 73
31 21
76 153
295 265
171 73
857 758
321 409
126 127
197 66
390 389
882 576
68 98
552 537
250 659
749 750
674 789
849 833
359 656
360 114
214 18
343 334
362 432
712 744
506 695
328 164
802 883
234 169
297 298
653 358
635 379
808 811
497 494
172 437
747 712
552 553
226 645
289 813
488 748
786 789
873 874
228 184
448 800
464 44
634 321
150 153
131 58
757 127
345 481
465 781
599 270
346 389
430 525
480 846
474 492
496 341
611 188
652 653
9 137
826 85
695 696
130 600
155 239
597 600
2 491
118 871
825 82
75 256
418 839
254 348
108 198
527 704
405 605
850 727
723 811
701 300
9 10
39 794
31 13
398 399
182 177
845 440
10 726
366 342
658 651
269 486
850 453
84 376
80 887
459 410
84 110
534 635
210 286
397 206
157 135
442 477
118 647
115 17
218 382
133 532
146 498
890 887
668 662
582 262
581 579
27 37
154 609
578 571
526 324
830 822
475 799
62 63
840 119
25 64
538 541
776 775
242 852
539 366
676 678
576 883
328 331
543 246
739 867
824 114
180 15
512 422
237 238
730 771
363 432
538 539
678 665
68 69
537 224
19 430
858 819
242 101
469 470
124 262
544 545
546 548
842 569
730 778
241 852
748 268
306 307
279 707
119 720
31 388
802 803
897 324
466 454
476 29
526 522
356 357
413 424
694 564
763 765
669 672
275 88
180 181
499 104
1 843
882 883
35 286
623 680
656 657
272 129
544 245
311 308
96 516
787 290
205 348
296 639
660 466
433 729
551 158
392 90
769 310
554 555
757 485
172 867
734 697
195 205
24 423
411 405
96 501
3 121
418 606
790 625
436 81
868 522
38 211
138 830
8 144
291 334
848 849
102 444
758 773
600 601
498 150
626 625
419 96
816 798
194 615
146 794
897 570
434 483
351 722
108 36
420 74
761 588
523 524
840 1
734 735
298 105
187 821
182 161
418 838
68 112
735 28
379 87
893 743
511 43
513 515
471 263
9 754
147 794
75 339
732 773
560 557
232 58
660 661
551 121
784 140
208 209
251 237
781 782
184 185
784 785
235 267
487 486
748 127
175 309
343 195
23 427
36 6
684 161
142 143
281 266
729 483
463 193
412 424
390 402
661 656
504 386
626 637
568 136
528 529
575 593
336 204
78 584
448 446
806 790
390 216
187 820
566 567
24 74
181 15
582 583
642 641
792 760
99 69
682 177
451 447
397 396
214 713
603 407
76 48
603 604
305 306
12 886
753 378
123 855
589 80
16 274
311 175
67 458
219 672
556 396
237 240
84 133
606 608
448 473
46 213
91 57
107 143
520 97
806 807
629 364
382 673
370 697
602 810
282 266
122 798
173 740
34 13
122 797
368 366
764 765
178 585
233 237
24 687
100 647
897 317
345 222
468 493
42 680
181 705
649 572
635 743
899 900
813 807
319 318
303 288
526 536
623 624
667 577
621 193
204 657
636 379
558 557
213 126
332 681
631 870
419 86
67 456
864 863
819 823
46 487
171 313
271 598
220 151
670 673
55 743
449 372
264 428
391 217
205 333
578 208
872 438
677 804
649 37
896 42
876 877
393 394
296 719
880 428
598 599
765 440
792 791
691 149
504 393
450 493
189 789
472 885
406 596
140 403
745 715
820 862
667 664
793 24
566 755
753 756
855 728
746 804
832 101
739 173
267 222
356 579
203 334
473 492
154 817
511 512
108 71
514 421
60 160
215 216
406 120
619 614
849 831
698 559
250 196
60 199
810 811
456 455
155 551
426 317
364 200
287 413
550 565
651 355
211 664
484 508
372 373
676 590
139 157
518 93
785 786
690 149
654 655
596 270
504 428
254 333
79 80
816 797
818 821
671 673
247 128
856 529
618 614
440 278
132 641
715 716
513 563
886 20
257 259
357 358
514 524
661 655
35 593
349 350
750 751
433 363
511 514
157 66
632 633
660 261
701 704
149 679
386 87
773 791
768 767
344 224
808 809
849 847
880 509
464 57
777 616
490 814
751 310
741 742
338 401
467 617
459 460
815 358
717 27
669 670
192 783
628 90
327 894
257 547
832 252
714 616
827 836
279 710
499 97
882 803
404 25
203 435
795 798
367 540
860 861
826 114
123 583
233 240
852 853
796 580
67 457
721 759
570 381
6 326
604 407
34 871
568 569
721 685
461 870
818 858
818 696
771 726
742 688
30 339
603 406
291 292
280 861
787 788
251 238
150 222
377 121
530 300
738 173
320 892
163 184
156 251
398 206
503 497
575 37
594 45
298 134
611 52
500 510
107 142
504 394
380 807
576 884
724 725
436 129
53 285
285 286
85 133
706 676
77 248
615 616
132 431
141 403
859 537
368 258
389 217
869 410
353 354
485 269
690 679
828 622
282 554
550 191
437 177
272 81
60 72
769 749
496 497
1 841
745 746
637 275
536 290
384 871
59 104
338 339
79 415
280 860
480 763
93 516
880 276
873 871
734 28
284 711
125 244
441 278
511 421
553 414
207 137
762 261
320 381
419 427
18 215
834 819
620 614
783 403
889 890
321 462
610 595
362 385
520 499
718 719
837 838
472 507
473 469
115 5
319 266
441 761
492 493
375 463
243 762
88 879
618 619
762 466
862 822
351 502
297 105
309 767
756 378
148 142
280 578
545 262
503 502
180 307
727 121
842 843
46 274
695 36
244 247
468 349
634 638
223 14
212 213
54 29
360 113
891 381
784 192
674 675
327 891
660 656
602 724
420 423
535 625
392 201
827 829
259 400
594 98
676 677
94 95
542 246
519 93
567 568
537 183
565 561
593 14
375 174
92 112
876 208
197 198
311 750
603 812
275 508
450 452
612 114
777 713
235 151
467 829
853 854
138 692
48 863
241 854
444 438
748 757
565 693
619 620
166 372
107 141
252 33
591 592
816 815
100 231
519 86
643 647
630 632
187 858
351 354
503 496
543 125
155 158
158 727
787 813
335 333
125 245
495 496
561 51
75 110
264 295
188 467
409 462
392 277
888 41
489 365
433 200
654 657
487 269
265 285
273 302
163 228
203 204
777 774
591 665
547 548
131 232
56 65
179 814
233 239
277 201
495 503
699 560
771 7
352 502
186 79
386 88
80 248
845 439
417 607
485 277
452 81
824 825
529 105
643 45
227 476
400 152
874 416
259 301
888 887
159 515
667 881
774 713
450 468
75 113
404 697
148 141
584 599
550 549
400 639
86 95
460 631
67 455
786 192
144 145
746 677
295 294
397 398
146 145
167 169
221 151
172 739
453 855
17 688
698 623
234 185
535 790
303 316
749 766
891 892
170 314
229 199
551 727
724 812
848 218
627 260
40 77
780 805
104 66
512 421
562 422
359 657
575 705
568 491
864 50
178 575
22 388
819 263
604 605
875 571
526 381
343 204
294 286
94 134
295 860
56 35
606 607
235 221
470 447
331 445
678 662
229 4
195 333
892 893
385 90
38 210
850 855
281 282
700 703
881 576
324 317
22 97
61 36
737 369
479 490
717 649
116 643
71 679
644 253
642 392
267 153
885 20
539 540
881 882
626 275
280 443
287 552
155 191
597 601
506 507
540 541
395 548
348 350
49 144
711 705
336 564
604 584
191 415
434 363
475 468
162 61
607 608
96 510
33 444
406 354
287 553
653 580
629 483
306 283
342 153
218 847
869 870
399 396
730 760
542 545
484 807
383 106
383 766
400 301
682 683
650 613
223 782
618 615
573 610
257 301
220 345
837 608
685 720
252 253
666 705
69 11
425 426
40 82
384 34
296 718
361 385
700 702
53 476
305 318
194 613
162 445
402 216
386 387
288 552
164 445
508 879
521 135
877 861
116 102
546 394
411 78
276 509
897 323
91 505
2 695
766 106
457 458
360 34
553 323
845 846
682 740
573 595
397 556
227 65
666 706
184 160
817 814
329 185
382 389
541 358
841 756
349 799
426 424
179 817
227 62
337 338
844 846
868 316
212 45
735 736
190 79
191 549
674 143
255 293
770 764
224 302
168 681
876 571
322 640
221 222
213 268
175 751
696 263
562 563
692 821
721 10
417 606
84 256
19 680
699 622
518 94
462 410
101 212
471 691
872 874
53 29
706 716
377 589
659 654
292 256
732 758
642 362
836 624
644 646
61 182
448 799
371 166
900 901
174 403
206 396
23 70
621 614
117 74
675 805
441 490
662 663
464 463
772 760
641 201
843 491
299 105
380 484
628 232
579 580
451 470
583 453
174 308
706 711
898 586
889 41
243 244
693 549
813 806
792 778
898 901
500 501
124 728
419 510
262 247
835 839
644 645
2 507
896 895
231 689
418 837
101 102
535 536
219 670
55 869
851 854
363 431
877 209
574 898
605 725
370 193
778 7
900 586
866 863
40 111
271 601
475 349
605 407
427 134
801 369
170 315
27 649
108 103
571 208
784 783
857 742
620 621
368 540
297 700
77 531
762 454
85 110
558 430
289 302
443 439
122 795
290 788
683 720
639 640
471 506
888 889
344 345
534 743
534 625
668 664
30 340
520 104
292 293
523 525
674 189
163 793
597 270
588 770
828 624
63 26
896 889
91 127
583 454
126 112
561 693
820 823
330 681
707 710
481 508
147 49
312 326
181 284
809 810
255 256
27 223
165 199
186 249
596 599
809 724
139 71
666 592
795 796
369 315
319 555
562 421
683 161
714 777
404 106
666 590
258 259
299 517
369 325
834 822
543 544
238 239
220 221
196 251
167 332
808 723
433 432
347 350
214 215
834 263
441 477
166 373
17 687
518 519
330 332
785 192
165 229
313 314
835 827
717 648
645 672
38 209
356 815
820 821
139 197
473 474
479 179
162 182
524 525
770 15
659 661
290 868
595 585
91 44
793 687
133 248
858 823
442 443
11 98
18 402
48 827
513 525
321 408
115 874
577 578
671 672
442 278
835 836
8 118
176 65
800 147
776 713
723 810
64 176
359 655
588 15
164 159
529 530
132 483
76 188
63 64
542 543
865 50
307 283
683 684
62 26
650 714
17 438
422 423
425 413
737 173
522 324
768 752
485 486
265 581
46 268
488 268
361 364
103 515
138 862
393 395
658 579
4 742
26 176
12 21
899 586
628 629
752 310
148 56
344 220
20 21
558 47
602 725
431 432
747 802
840 841
677 663
241 851
875 876
312 313
331 168
732 686
472 207
766 767
460 632
598 270
322 301
41 887
771 759
675 781
708 177
308 309
273 380
38 577
16 641
652 355
243 125
888 40
414 317
521 500
42 895
362 200
480 770
443 478
304 305
167 185
303 302
518 517
99 98
202 250
883 884
353 494
405 564
499 103
566 569
832 831
456 689
335 254
702 501
327 892
817 609
482 225
291 293
848 346
857 732
527 300
370 735
115 416
456 457
183 633
715 266
464 465
800 799
148 174
39 405
602 722
93 517
569 136
85 533
691 692
140 189
759 760
617 775
844 845
239 240
357 29
147 347
156 196
276 225
249 3
226 669
528 703
506 696
829 617
836 828
519 516
825 826
243 582
787 316
768 310
699 623
244 245
128 728
219 669
754 755
487 488
411 446
351 352
776 774
274 486
786 783
298 299
520 521
715 281
411 469
594 643
371 374
870 410
120 600
515 563
590 678
117 33
339 340
698 47
60 165
390 226
864 865
755 756
194 650
249 589
768 769
733 734
801 314
729 364
816 795
751 752
690 691
634 633
646 215
833 831
747 744
465 463
878 847
16 854
273 289
249 377
4 688
498 51
258 260
856 528
749 767
179 490
746 712
779 773
709 437
47 557
77 532
198 71
141 142
112 44
8 347
425 424
94 86
460 461
703 704
55 379
531 533
305 283
567 207
730 772
4 199
700 501
117 557
371 161
898 899
426 412
707 708
391 616
335 334
59 198
320 859
636 637
352 353
435 454
805 14
335 343
163 159
420 43
685 169
271 272
761 765
337 340
610 609
866 835
76 342
54 285
56 14
719 152
708 709
83 78
134 95
218 878
312 710
824 826
281 744
296 638
865 866
329 330
698 699
682 230
78 81
68 11
70 157
428 879
630 183
111 388
159 563
227 52
109 395
323 414
130 556
180 844
780 782
219 671
420 429
482 509
210 591
476 52
276 89
554 307
565 549
763 764
489 401
202 261
54 356
573 574
48 51
