VERTICES = 450
EDGES = 1022
1 48
1 88
1 167
1 225
1 394
2 4
2 292
3 52
3 118
3 180
3 353
4 127
4 202
5 157
5 224
5 233
5 304
5 329
6 14
6 24
6 61
6 161
6 195
6 282
6 304
6 305
6 399
6 425
7 90
7 106
7 119
7 171
8 64
8 179
8 232
8 273
8 357
8 409
9 158
9 165
9 301
9 313
9 328
9 342
10 271
10 301
10 328
10 340
11 126
11 154
11 188
11 342
11 365
12 141
12 263
12 304
12 391
13 45
13 155
13 157
13 222
13 253
14 36
14 46
14 153
14 272
14 311
14 398
15 57
15 292
15 339
16 47
16 49
16 102
16 108
16 170
16 220
16 267
16 268
16 437
17 67
17 200
17 233
17 355
18 26
18 215
18 229
18 249
19 142
19 147
19 226
19 272
20 166
20 193
20 321
20 326
21 140
21 328
21 438
22 361
22 421
23 207
24 78
24 234
24 322
24 350
25 117
25 223
25 307
25 310
25 335
26 169
26 215
26 321
26 358
27 148
27 235
27 245
27 264
27 277
28 33
28 166
28 417
28 422
29 331
29 375
30 57
30 108
30 171
30 246
30 328
30 364
30 391
31 104
31 258
31 381
32 108
32 162
32 217
32 242
32 243
32 273
32 374
32 399
33 168
34 127
34 231
34 319
34 324
34 371
34 423
35 216
35 268
36 142
36 382
37 172
37 258
37 308
37 353
38 80
38 175
38 414
38 426
39 138
39 313
40 107
40 115
40 156
40 341
40 346
41 63
41 170
41 221
41 284
41 342
43 61
43 175
43 314
43 365
43 393
43 430
43 446
44 205
44 310
45 132
45 134
45 150
45 162
45 212
45 233
45 329
45 368
46 53
46 320
46 382
46 399
47 52
47 55
47 106
47 128
47 183
48 117
48 248
48 269
48 295
48 339
49 154
49 192
49 317
49 401
50 165
50 190
50 406
50 416
51 96
51 151
51 166
52 150
52 210
53 78
53 84
53 87
53 92
53 106
53 278
53 358
53 402
54 186
54 220
54 260
54 431
55 119
55 304
56 85
56 269
56 370
57 146
57 219
57 351
57 392
58 167
58 220
58 428
59 176
59 287
59 314
59 339
59 443
60 183
60 234
60 276
60 321
60 422
60 441
61 84
61 114
61 175
61 196
61 229
61 277
61 326
61 359
62 79
62 100
62 256
62 436
63 82
63 430
64 99
64 112
64 418
65 405
65 427
66 70
66 73
66 140
66 144
66 232
66 402
66 441
67 158
67 337
68 86
68 124
68 189
68 274
68 285
68 400
68 432
69 86
69 142
69 150
69 157
69 213
69 390
70 151
70 170
70 222
70 338
70 368
70 372
70 404
71 446
72 249
72 258
73 140
73 323
73 334
73 408
73 423
74 172
74 214
74 238
74 314
74 402
74 416
75 81
75 112
75 298
75 335
75 373
75 387
75 421
76 164
76 181
76 207
76 260
76 282
77 277
78 121
78 370
79 163
79 201
79 291
80 93
80 120
80 277
80 429
81 393
81 411
82 98
82 176
82 268
82 369
83 164
83 278
83 394
83 443
84 135
84 144
84 194
84 237
85 289
85 385
85 391
86 207
86 334
86 357
87 332
87 340
87 347
88 105
88 106
88 268
88 288
89 94
89 163
89 354
89 395
90 411
91 174
91 234
91 259
91 263
92 119
92 127
92 396
93 276
93 277
93 350
94 139
94 380
94 396
94 432
95 145
95 150
95 223
95 340
95 364
96 141
97 127
97 356
97 378
97 393
97 412
97 414
98 240
98 291
98 357
99 157
99 265
99 299
99 360
99 380
99 391
100 134
100 232
100 245
100 315
101 127
101 188
101 224
101 246
101 252
101 300
101 417
102 236
102 306
102 308
102 369
103 130
103 157
103 187
105 154
105 234
105 237
105 255
105 275
105 312
105 403
105 441
106 164
106 176
106 410
108 178
108 250
108 257
108 318
108 360
109 231
109 361
110 311
110 417
110 432
111 143
111 204
111 445
112 347
112 369
113 226
113 280
113 322
113 352
113 363
113 376
114 144
114 278
114 290
114 427
115 227
115 314
115 393
115 436
116 273
116 292
116 341
116 353
116 431
116 436
117 350
118 155
118 162
118 204
118 285
118 425
119 122
119 437
121 144
121 189
121 221
121 294
121 429
122 149
122 286
123 384
123 422
124 131
124 142
124 189
125 284
125 357
126 164
126 196
126 290
126 314
126 341
126 378
126 402
126 403
127 162
127 189
127 212
127 395
127 435
128 147
128 197
128 310
128 410
129 334
129 364
129 442
130 162
130 210
130 220
131 135
131 312
131 320
132 141
132 187
132 227
132 329
132 403
132 412
133 387
133 395
133 401
134 375
135 237
135 432
136 248
136 392
136 421
137 221
137 270
137 421
138 231
138 350
138 364
138 411
139 189
139 396
140 156
140 158
140 175
140 187
140 268
140 330
140 376
140 383
141 234
141 251
141 260
141 445
142 162
142 351
142 405
142 412
142 438
143 240
145 251
146 329
146 363
146 397
147 294
147 363
147 372
147 385
147 403
148 233
148 324
148 335
149 215
150 164
150 198
150 230
150 303
150 382
150 436
151 180
151 232
151 233
151 268
151 390
152 175
152 305
153 214
154 437
155 166
155 175
156 167
156 222
156 231
156 397
157 186
157 390
157 425
158 238
158 329
159 366
160 311
160 326
160 387
161 282
162 284
163 167
163 174
164 301
164 349
164 408
165 171
165 180
165 305
165 319
166 169
166 338
166 401
166 408
167 273
167 346
168 226
168 379
170 173
170 187
170 191
170 398
170 404
171 341
171 431
172 243
172 379
173 263
174 216
174 285
175 270
175 405
176 184
176 228
176 316
176 320
176 385
177 410
177 424
178 258
178 280
178 366
178 414
178 425
179 238
179 280
179 359
180 194
180 224
180 274
180 327
180 419
180 442
181 266
182 259
182 316
183 194
183 450
184 267
184 286
184 298
184 391
185 243
185 308
185 326
185 439
186 369
187 303
187 306
187 333
187 378
187 399
188 237
188 279
189 195
189 207
189 220
189 262
189 368
190 240
190 249
190 263
190 442
191 201
191 403
191 414
192 254
192 313
192 366
194 247
194 277
194 301
194 347
194 351
194 427
194 437
196 218
196 259
196 299
196 443
197 225
198 212
198 410
199 244
199 257
199 266
199 361
200 320
200 359
200 361
200 391
201 265
201 286
201 299
202 341
202 356
202 358
202 360
202 392
203 204
203 254
203 265
203 412
203 435
204 219
204 319
204 393
204 445
205 449
206 240
206 354
207 210
207 246
207 312
207 364
208 297
208 338
208 344
208 391
209 350
209 437
210 225
210 362
210 425
212 230
212 301
212 364
212 442
213 227
213 265
213 354
215 234
215 379
215 417
216 378
217 351
217 354
217 439
218 282
218 292
219 309
219 330
219 368
220 389
220 390
220 442
221 265
221 301
221 378
222 413
222 414
222 440
222 444
223 372
223 408
223 421
224 242
224 415
225 230
225 248
225 274
225 282
225 309
226 236
226 323
226 369
226 437
227 357
228 384
228 421
229 320
229 370
229 386
230 310
230 327
230 390
231 358
231 379
232 288
232 304
232 339
232 357
234 283
234 300
235 318
235 387
236 261
236 381
236 450
237 281
237 381
237 406
237 417
237 423
238 325
238 374
238 425
238 432
239 334
239 362
239 387
239 400
239 421
239 432
240 331
241 245
241 346
241 375
242 374
242 409
243 323
244 270
244 444
245 334
248 308
248 426
249 372
249 413
250 322
252 334
252 371
253 254
253 365
253 376
253 395
254 259
254 346
254 401
254 412
255 286
255 293
255 437
256 289
256 343
256 421
256 428
258 387
259 302
261 303
262 268
263 285
263 381
263 441
265 266
265 308
265 325
265 380
266 289
266 370
267 342
267 385
268 344
268 430
269 275
269 309
269 350
269 390
269 425
270 331
270 353
270 439
271 352
272 278
272 337
272 429
273 302
275 412
279 334
280 334
280 364
281 360
282 316
283 300
283 428
283 449
284 417
286 389
286 431
287 291
288 311
289 336
289 366
292 349
292 391
292 424
292 426
294 342
294 357
294 428
297 336
299 437
300 320
300 326
300 358
300 386
301 425
302 341
303 390
303 444
305 445
306 350
307 432
308 335
309 324
309 413
309 447
310 338
310 388
311 383
311 434
312 313
312 430
312 439
313 402
313 436
314 319
314 346
315 422
316 322
316 413
316 443
317 404
320 421
321 407
321 413
322 334
322 353
322 383
323 369
323 392
324 343
324 351
324 400
324 445
325 341
325 403
326 384
328 341
328 427
329 400
329 439
330 415
330 443
331 428
333 434
336 373
336 440
337 406
338 429
339 368
340 444
341 436
342 375
344 444
344 450
346 363
346 425
347 352
349 404
351 375
354 434
355 364
355 405
363 425
363 443
364 368
364 435
365 367
365 393
369 445
370 388
370 429
371 425
371 434
372 448
376 396
378 394
378 431
382 384
382 413
384 418
386 393
386 422
386 427
388 416
393 408
394 439
400 450
407 414
407 421
408 415
420 433
422 446
423 442
428 430
432 437
432 444
447 449
448 449
