VERTICES = 161
EDGES = 886
36 92
36 80
36 53
36 95
92 80
92 53
92 95
80 53
80 95
53 95
36 58
36 106
36 144
36 140
36 101
36 156
36 137
36 48
36 133
36 17
36 27
36 98
36 33
58 106
58 144
58 140
58 101
58 156
58 137
58 48
58 133
58 17
58 27
58 98
58 33
106 144
106 140
106 101
106 156
106 137
106 48
106 133
106 17
106 27
106 98
106 33
144 140
144 101
144 156
144 137
144 48
144 133
144 17
144 27
144 98
144 33
140 101
140 156
140 137
140 48
140 133
140 17
140 27
140 98
140 33
101 156
101 137
101 48
101 133
101 17
101 27
101 98
101 33
156 137
156 48
156 133
156 17
156 27
156 98
156 33
137 48
137 133
137 17
137 27
137 98
137 33
48 133
48 17
48 27
48 98
48 33
133 17
133 27
133 98
133 33
17 27
17 98
17 33
27 98
27 33
98 33
95 104
95 128
95 12
95 145
95 79
95 85
95 118
95 20
95 87
95 88
95 74
95 11
95 39
104 128
104 12
104 145
104 79
104 85
104 118
104 20
104 87
104 88
104 74
104 11
104 39
128 12
128 145
128 79
128 85
128 118
128 20
128 87
128 88
128 74
128 11
128 39
12 145
12 79
12 85
12 118
12 20
12 87
12 88
12 74
12 11
12 39
145 79
145 85
145 118
145 20
145 87
145 88
145 74
145 11
145 39
79 85
79 118
79 20
79 87
79 88
79 74
79 11
79 39
85 118
85 20
85 87
85 88
85 74
85 11
85 39
118 20
118 87
118 88
118 74
118 11
118 39
20 87
20 88
20 74
20 11
20 39
87 88
87 74
87 11
87 39
88 74
88 11
88 39
74 11
74 39
11 39
53 124
53 146
53 152
53 115
53 71
53 142
53 14
53 78
53 102
53 114
53 22
53 3
124 146
124 152
124 115
124 71
124 142
124 14
124 78
124 102
124 114
124 22
124 3
146 152
146 115
146 71
146 142
146 14
146 78
146 102
146 114
146 22
146 3
152 115
152 71
152 142
152 14
152 78
152 102
152 114
152 22
152 3
115 71
115 142
115 14
115 78
115 102
115 114
115 22
115 3
71 142
71 14
71 78
71 102
71 114
71 22
71 3
142 14
142 78
142 102
142 114
142 22
142 3
14 78
14 102
14 114
14 22
14 3
78 102
78 114
78 22
78 3
102 114
102 22
102 3
114 22
114 3
22 3
137 154
137 139
137 4
154 139
154 4
139 4
22 109
22 100
22 89
22 44
22 46
22 69
22 25
109 100
109 89
109 44
109 46
109 69
109 25
100 89
100 44
100 46
100 69
100 25
89 44
89 46
89 69
89 25
44 46
44 69
44 25
46 69
46 25
69 25
133 93
133 66
133 97
93 66
93 97
66 97
17 81
17 61
17 59
17 120
17 67
17 2
17 10
17 23
17 29
17 83
17 43
17 123
17 37
17 42
81 61
81 59
81 120
81 67
81 2
81 10
81 23
81 29
81 83
81 43
81 123
81 37
81 42
61 59
61 120
61 67
61 2
61 10
61 23
61 29
61 83
61 43
61 123
61 37
61 42
59 120
59 67
59 2
59 10
59 23
59 29
59 83
59 43
59 123
59 37
59 42
120 67
120 2
120 10
120 23
120 29
120 83
120 43
120 123
120 37
120 42
67 2
67 10
67 23
67 29
67 83
67 43
67 123
67 37
67 42
2 10
2 23
2 29
2 83
2 43
2 123
2 37
2 42
10 23
10 29
10 83
10 43
10 123
10 37
10 42
23 29
23 83
23 43
23 123
23 37
23 42
29 83
29 43
29 123
29 37
29 42
83 43
83 123
83 37
83 42
43 123
43 37
43 42
123 37
123 42
37 42
93 84
93 28
93 127
93 155
84 28
84 127
84 155
28 127
28 155
127 155
27 129
27 18
27 117
27 94
27 75
27 68
129 18
129 117
129 94
129 75
129 68
18 117
18 94
18 75
18 68
117 94
117 75
117 68
94 75
94 68
75 68
74 34
74 16
74 161
74 8
74 82
34 16
34 161
34 8
34 82
16 161
16 8
16 82
161 8
161 82
8 82
145 45
145 55
145 130
145 9
145 1
145 41
145 119
145 15
145 96
45 55
45 130
45 9
45 1
45 41
45 119
45 15
45 96
55 130
55 9
55 1
55 41
55 119
55 15
55 96
130 9
130 1
130 41
130 119
130 15
130 96
9 1
9 41
9 119
9 15
9 96
1 41
1 119
1 15
1 96
41 119
41 15
41 96
119 15
119 96
15 96
29 63
29 151
29 116
29 143
29 19
29 138
29 31
29 5
63 151
63 116
63 143
63 19
63 138
63 31
63 5
151 116
151 143
151 19
151 138
151 31
151 5
116 143
116 19
116 138
116 31
116 5
143 19
143 138
143 31
143 5
19 138
19 31
19 5
138 31
138 5
31 5
44 56
44 40
44 131
44 107
44 91
44 122
44 73
44 111
56 40
56 131
56 107
56 91
56 122
56 73
56 111
40 131
40 107
40 91
40 122
40 73
40 111
131 107
131 91
131 122
131 73
131 111
107 91
107 122
107 73
107 111
91 122
91 73
91 111
122 73
122 111
73 111
140 77
140 86
140 51
140 112
140 13
77 86
77 51
77 112
77 13
86 51
86 112
86 13
51 112
51 13
112 13
12 57
12 103
12 26
12 99
12 105
12 125
12 72
12 90
12 35
12 113
12 62
12 158
12 49
57 103
57 26
57 99
57 105
57 125
57 72
57 90
57 35
57 113
57 62
57 158
57 49
103 26
103 99
103 105
103 125
103 72
103 90
103 35
103 113
103 62
103 158
103 49
26 99
26 105
26 125
26 72
26 90
26 35
26 113
26 62
26 158
26 49
99 105
99 125
99 72
99 90
99 35
99 113
99 62
99 158
99 49
105 125
105 72
105 90
105 35
105 113
105 62
105 158
105 49
125 72
125 90
125 35
125 113
125 62
125 158
125 49
72 90
72 35
72 113
72 62
72 158
72 49
90 35
90 113
90 62
90 158
90 49
35 113
35 62
35 158
35 49
113 62
113 158
113 49
62 158
62 49
158 49
59 52
59 54
59 24
59 38
59 64
59 126
59 50
59 135
59 153
59 7
59 70
59 47
59 110
52 54
52 24
52 38
52 64
52 126
52 50
52 135
52 153
52 7
52 70
52 47
52 110
54 24
54 38
54 64
54 126
54 50
54 135
54 153
54 7
54 70
54 47
54 110
24 38
24 64
24 126
24 50
24 135
24 153
24 7
24 70
24 47
24 110
38 64
38 126
38 50
38 135
38 153
38 7
38 70
38 47
38 110
64 126
64 50
64 135
64 153
64 7
64 70
64 47
64 110
126 50
126 135
126 153
126 7
126 70
126 47
126 110
50 135
50 153
50 7
50 70
50 47
50 110
135 153
135 7
135 70
135 47
135 110
153 7
153 70
153 47
153 110
7 70
7 47
7 110
70 47
70 110
47 110
82 136
82 121
82 32
82 30
82 132
82 108
82 60
82 6
82 141
82 134
82 147
136 121
136 32
136 30
136 132
136 108
136 60
136 6
136 141
136 134
136 147
121 32
121 30
121 132
121 108
121 60
121 6
121 141
121 134
121 147
32 30
32 132
32 108
32 60
32 6
32 141
32 134
32 147
30 132
30 108
30 60
30 6
30 141
30 134
30 147
132 108
132 60
132 6
132 141
132 134
132 147
108 60
108 6
108 141
108 134
108 147
60 6
60 141
60 134
60 147
6 141
6 134
6 147
141 134
141 147
134 147
151 65
151 148
151 149
151 21
151 76
151 157
151 150
151 159
151 160
65 148
65 149
65 21
65 76
65 157
65 150
65 159
65 160
148 149
148 21
148 76
148 157
148 150
148 159
148 160
149 21
149 76
149 157
149 150
149 159
149 160
21 76
21 157
21 150
21 159
21 160
76 157
76 150
76 159
76 160
157 150
157 159
157 160
150 159
150 160
159 160
