VERTICES = 92
EDGES = 91
39 27
40 28
41 29
42 30
43 31
44 32
45 33
46 34
47 37
48 38
49 35
50 36
51 41
52 42
53 39
54 40
55 45
56 46
57 43
58 44
59 49
60 50
61 47
62 48
67 25
68 26
67 65
68 66
69 23
70 24
69 63
70 64
71 21
72 22
73 19
74 20
75 55
76 56
75 57
76 58
75 61
76 62
77 51
78 52
77 53
78 54
77 59
78 60
79 35
80 36
79 63
80 64
79 71
80 72
81 37
82 38
81 65
82 66
81 73
82 74
83 1
84 2
83 23
84 24
83 25
84 26
85 7
86 8
85 9
86 10
85 27
86 28
87 3
88 4
87 5
88 6
87 29
88 30
89 15
90 16
89 17
90 18
89 31
90 32
91 11
92 12
91 13
92 14
91 33
92 34
92 91
