VERTICES = 208
EDGES = 1248
2 1
3 1
3 2
4 1
5 1
6 1
7 1
8 1
9 1
9 4
10 1
10 8
11 1
11 7
12 1
12 6
13 1
13 5
29 19
30 21
31 20
32 20
33 19
34 23
35 22
36 22
37 21
38 23
39 19
39 29
40 20
40 31
41 20
41 32
42 19
42 33
43 21
43 37
44 23
44 34
45 22
45 35
46 21
46 30
47 22
47 36
48 23
48 38
49 28
49 48
50 26
50 47
51 26
51 45
51 50
52 28
52 44
52 49
53 27
53 42
54 24
54 43
55 25
55 40
56 27
56 39
56 53
57 25
57 41
57 55
58 24
58 46
58 54
59 27
59 29
60 24
60 30
61 24
61 37
61 60
62 28
62 38
63 25
63 32
64 26
64 36
65 25
65 31
65 63
66 26
66 35
66 64
67 27
67 33
67 59
68 28
68 34
68 62
69 15
69 29
69 59
70 18
70 38
70 62
71 17
71 36
71 64
72 15
72 33
72 67
73 16
73 37
73 61
74 16
74 30
74 60
75 17
75 35
75 66
76 18
76 34
76 68
77 14
77 32
77 63
78 14
78 31
78 65
79 18
79 48
79 49
79 76
80 17
80 47
80 50
80 75
81 15
81 39
81 56
81 72
82 16
82 46
82 58
82 73
83 17
83 45
83 51
83 71
84 15
84 42
84 53
84 69
85 14
85 41
85 57
85 78
86 14
86 40
86 55
86 77
87 18
87 44
87 52
87 70
88 16
88 43
88 54
88 74
89 2
89 14
89 15
89 16
89 17
89 18
90 2
90 19
90 20
90 21
90 22
90 23
90 89
91 9
91 14
91 44
91 45
91 59
91 60
91 89
92 13
92 16
92 42
92 47
92 62
92 65
92 89
93 10
93 17
93 40
93 46
93 67
93 68
93 89
94 12
94 15
94 43
94 48
94 63
94 64
94 89
95 11
95 18
95 39
95 41
95 61
95 66
95 89
96 2
96 29
96 31
96 34
96 36
96 37
97 2
97 30
97 32
97 33
97 35
97 38
98 2
98 50
98 52
98 54
98 55
98 56
98 97
99 2
99 49
99 51
99 53
99 57
99 58
99 96
100 2
100 60
100 62
100 63
100 66
100 67
101 2
101 59
101 61
101 64
101 65
101 68
102 2
102 79
102 82
102 83
102 84
102 85
102 100
103 2
103 80
103 81
103 86
103 87
103 88
103 101
104 3
104 21
104 29
104 35
104 63
104 68
105 3
105 20
105 36
105 38
105 61
105 67
106 3
106 23
106 31
106 33
106 60
106 64
107 3
107 22
107 32
107 37
107 59
107 62
108 3
108 19
108 30
108 34
108 65
108 66
109 3
109 14
109 51
109 52
109 84
109 88
109 105
110 3
110 18
110 56
110 57
110 80
110 82
110 106
111 3
111 17
111 55
111 58
111 79
111 81
111 107
112 3
112 15
112 49
112 54
112 83
112 86
112 108
113 3
113 16
113 50
113 53
113 85
113 87
113 104
114 7
114 20
114 26
114 39
114 54
114 62
114 92
114 112
115 8
115 20
115 28
115 46
115 53
115 64
115 94
115 113
116 5
116 19
116 28
116 47
116 55
116 60
116 91
116 111
116 115
117 6
117 21
117 26
117 48
117 57
117 59
117 91
117 110
117 114
118 4
118 22
118 24
118 44
118 56
118 63
118 94
118 110
119 5
119 22
119 25
119 42
119 49
119 61
119 95
119 112
120 6
120 23
120 25
120 43
120 50
120 67
120 93
120 113
120 119
121 4
121 23
121 27
121 45
121 58
121 65
121 92
121 111
122 8
122 21
122 27
122 40
122 52
122 66
122 95
122 109
122 121
123 7
123 19
123 24
123 41
123 51
123 68
123 93
123 109
123 118
124 13
124 29
124 48
124 55
124 61
124 75
124 94
124 98
125 12
125 30
125 47
125 57
125 67
125 76
125 92
125 99
126 10
126 32
126 44
126 53
126 66
126 73
126 91
126 99
127 11
127 31
127 45
127 54
127 68
127 72
127 91
127 98
128 13
128 35
128 40
128 49
128 60
128 69
128 93
128 99
129 11
129 33
129 43
129 51
129 62
129 78
129 94
129 99
130 10
130 37
130 42
130 52
130 64
130 77
130 92
130 98
131 12
131 34
131 41
131 50
131 59
131 74
131 95
131 98
132 9
132 38
132 39
132 58
132 63
132 71
132 95
132 99
133 9
133 36
133 46
133 56
133 65
133 70
133 93
133 98
134 5
134 29
134 40
134 62
134 74
134 80
134 110
134 122
134 129
135 8
135 32
135 42
135 68
135 71
135 82
135 110
135 119
135 127
136 7
136 31
136 43
136 66
136 70
136 81
136 111
136 120
136 126
137 4
137 36
137 39
137 60
137 77
137 87
137 113
137 114
137 128
138 6
138 30
138 41
138 64
138 69
138 79
138 111
138 123
138 130
139 4
139 38
139 46
139 59
139 78
139 83
139 112
139 115
139 131
140 6
140 34
140 47
140 63
140 72
140 88
140 109
140 116
140 132
141 5
141 35
141 48
141 65
141 73
141 84
141 109
141 117
141 133
142 7
142 33
142 45
142 61
142 76
142 85
142 113
142 121
142 124
143 8
143 37
143 44
143 67
143 75
143 86
143 112
143 118
143 125
144 10
144 29
144 47
144 54
144 78
144 79
144 104
144 126
145 12
145 35
145 42
145 58
145 70
145 86
145 104
145 131
146 13
146 34
146 43
146 56
146 71
146 85
146 108
146 128
147 10
147 38
147 45
147 57
147 74
147 81
147 105
147 130
148 9
148 33
148 41
148 49
148 75
148 88
148 106
148 133
149 9
149 37
149 40
149 50
149 76
149 84
149 107
149 132
150 11
150 36
150 44
150 55
150 69
150 82
150 105
150 129
151 11
151 30
151 48
151 53
151 77
151 80
151 108
151 127
152 12
152 31
152 39
152 52
152 73
152 83
152 106
152 125
153 13
153 32
153 46
153 51
153 72
153 87
153 107
153 124
154 5
154 44
154 58
154 64
154 72
154 85
154 101
154 134
154 145
155 6
155 45
155 56
155 62
155 73
155 86
155 100
155 138
155 146
156 7
156 46
156 52
156 63
156 69
156 80
156 100
156 142
156 152
157 8
157 39
157 51
157 65
157 74
157 79
157 101
157 143
157 153
158 8
158 48
158 50
158 60
158 78
158 81
158 100
158 135
158 149
159 6
159 40
159 53
159 61
159 70
159 83
159 101
159 140
159 151
160 4
160 42
160 55
160 66
160 76
160 88
160 100
160 139
160 150
161 7
161 47
161 49
161 59
161 77
161 82
161 101
161 136
161 148
162 4
162 43
162 57
162 68
162 75
162 84
162 101
162 137
162 147
163 5
163 41
163 54
163 67
163 71
163 87
163 100
163 141
163 144
164 4
164 20
164 49
164 50
164 72
164 73
164 90
164 154
164 155
165 5
165 21
165 51
165 56
165 76
165 77
165 90
165 160
165 161
166 6
166 19
166 52
166 58
166 75
166 78
166 90
166 158
166 162
167 7
167 23
167 53
167 55
167 71
167 74
167 90
167 157
167 163
168 8
168 22
168 54
168 57
168 69
168 70
168 90
168 156
168 159
169 9
169 20
169 42
169 43
169 79
169 80
169 91
169 105
169 145
169 146
169 156
169 157
170 13
170 21
170 41
170 44
170 81
170 83
170 92
170 104
170 148
170 150
170 158
170 159
171 12
171 19
171 40
171 45
171 82
171 87
171 94
171 108
171 147
171 149
171 161
171 163
172 11
172 23
172 46
172 47
172 84
172 86
172 95
172 106
172 144
172 153
172 155
172 162
173 10
173 22
173 39
173 48
173 85
173 88
173 93
173 107
173 151
173 152
173 154
173 160
174 9
174 23
174 24
174 29
174 77
174 83
174 102
174 120
174 130
174 134
175 10
175 20
175 27
175 34
175 75
175 82
175 102
175 114
175 124
175 140
176 11
176 20
176 24
176 35
176 76
176 81
176 103
176 115
176 125
176 141
176 174
177 12
177 21
177 25
177 36
177 72
177 79
177 102
177 122
177 127
177 137
178 11
178 19
178 26
178 37
178 70
178 85
178 102
178 116
178 133
178 143
179 13
179 19
179 25
179 38
179 73
179 80
179 103
179 123
179 126
179 139
179 177
180 13
180 22
180 28
180 31
180 74
180 84
180 102
180 118
180 131
180 136
181 10
181 21
181 28
181 33
181 71
181 86
181 103
181 117
181 132
181 142
181 180
182 9
182 22
182 27
182 30
182 78
182 87
182 103
182 119
182 129
182 138
182 175
183 12
183 23
183 26
183 32
183 69
183 88
183 103
183 121
183 128
183 135
183 178
184 8
184 18
184 25
184 29
184 45
184 88
184 96
184 115
184 148
184 155
185 4
185 15
185 28
185 37
185 41
185 80
185 96
185 121
185 151
185 163
186 4
186 16
186 26
186 33
186 40
186 79
186 97
186 118
186 144
186 159
187 5
187 14
187 26
187 34
187 46
187 81
187 96
187 119
187 147
187 156
187 186
188 6
188 17
188 24
188 31
188 42
188 87
188 96
188 117
188 153
188 160
189 6
189 14
189 28
189 35
189 39
189 82
189 97
189 120
189 150
189 157
189 185
190 8
190 15
190 24
190 38
190 47
190 85
190 97
190 122
190 146
190 161
190 188
191 7
191 16
191 27
191 36
191 48
191 86
191 96
191 123
191 145
191 158
192 5
192 18
192 27
192 32
192 43
192 83
192 97
192 116
192 152
192 162
192 191
193 7
193 17
193 25
193 30
193 44
193 84
193 97
193 114
193 149
193 154
193 184
194 10
194 18
194 24
194 50
194 65
194 69
194 108
194 150
194 164
194 181
194 192
195 11
195 17
195 27
195 49
195 63
195 74
195 104
195 147
195 164
195 178
195 188
196 10
196 15
196 25
196 51
196 60
196 70
196 106
196 145
196 165
196 175
196 185
197 11
197 16
197 25
197 52
197 59
197 71
197 107
197 146
197 166
197 176
197 186
197 196
198 12
198 14
198 24
198 53
198 62
198 75
198 107
198 148
198 167
198 177
198 187
198 194
199 13
199 14
199 27
199 54
199 64
199 76
199 106
199 149
199 168
199 179
199 189
199 195
200 13
200 18
200 26
200 58
200 67
200 77
200 105
200 151
200 166
200 180
200 184
201 9
201 15
201 26
201 55
201 68
201 73
201 104
201 152
201 167
201 182
201 190
201 200
202 9
202 16
202 28
202 57
202 66
202 72
202 108
202 153
202 168
202 174
202 191
203 12
203 17
203 28
203 56
203 61
203 78
203 105
203 144
203 165
203 183
203 193
203 202
204 4
204 14
204 29
204 30
204 70
204 71
204 109
204 124
204 125
204 135
204 136
204 164
205 7
205 18
205 35
205 37
205 72
205 78
205 110
205 128
205 130
205 139
205 140
205 167
206 5
206 16
206 31
206 38
206 69
206 75
206 113
206 127
206 132
206 138
206 143
206 165
207 8
207 17
207 33
207 34
207 73
207 77
207 111
207 129
207 131
207 137
207 141
207 168
208 6
208 15
208 32
208 36
208 74
208 76
208 112
208 126
208 133
208 134
208 142
208 166
