VERTICES = 80
EDGES = 292
1 3
2 4
1 13
2 14
1 15
2 16
1 25
2 26
1 47
2 48
1 69
2 70
1 71
2 72
3 5
4 6
3 59
4 60
3 61
4 62
3 63
4 64
3 75
4 76
5 9
6 10
5 23
6 24
5 25
6 26
5 27
6 28
5 51
6 52
5 53
6 54
5 79
6 80
7 15
8 16
7 27
8 28
7 29
8 30
7 41
8 42
7 47
8 48
7 79
8 80
9 11
10 12
9 25
10 26
9 43
10 44
9 59
10 60
9 69
10 70
9 73
10 74
9 75
10 76
9 77
10 78
11 29
12 30
11 33
12 34
11 55
12 56
11 75
12 76
13 19
14 20
13 21
14 22
13 43
14 44
13 55
14 56
13 57
14 58
13 61
14 62
13 79
14 80
15 27
16 28
15 29
16 30
15 35
16 36
15 53
16 54
15 55
16 56
17 19
18 20
17 25
18 26
17 37
18 38
17 57
18 58
17 67
18 68
17 77
18 78
19 25
20 26
19 33
20 34
19 39
20 40
19 49
20 50
19 57
20 58
19 63
20 64
19 73
20 74
21 25
22 26
21 37
22 38
21 55
22 56
21 65
22 66
23 37
24 38
23 59
24 60
23 65
24 66
23 77
24 78
25 31
26 32
25 33
26 34
25 39
26 40
25 43
26 44
25 53
26 54
25 55
26 56
25 63
26 64
25 79
26 80
27 29
28 30
27 45
28 46
27 55
28 56
27 63
28 64
27 71
28 72
27 73
28 74
29 35
30 36
29 51
30 52
29 59
30 60
29 63
30 64
29 65
30 66
29 67
30 68
31 41
32 42
31 49
32 50
31 65
32 66
31 69
32 70
31 77
32 78
33 35
34 36
33 47
34 48
33 75
34 76
35 37
36 38
35 49
36 50
35 63
36 64
35 71
36 72
35 73
36 74
35 75
36 76
37 39
38 40
37 57
38 58
39 47
40 48
39 55
40 56
39 61
40 62
39 65
40 66
39 67
40 68
41 55
42 56
41 59
42 60
41 61
42 62
41 69
42 70
43 59
44 60
47 51
48 52
47 53
48 54
47 59
48 60
47 61
48 62
47 69
48 70
47 73
48 74
47 77
48 78
49 53
50 54
49 69
50 70
49 71
50 72
51 55
52 56
51 59
52 60
51 71
52 72
53 55
54 56
53 61
54 62
53 63
54 64
53 65
54 66
53 67
54 68
57 63
58 64
57 67
58 68
57 79
58 80
59 79
60 80
61 63
62 64
61 65
62 66
61 73
62 74
63 69
64 70
63 73
64 74
63 77
64 78
65 69
66 70
69 73
70 74
