VERTICES = 68
EDGES = 408
2 1
3 1
4 1
5 1
6 1
7 1
8 1
8 5
9 1
9 6
10 1
10 7
11 1
11 3
12 1
12 4
13 1
13 2
17 14
18 15
18 17
19 16
20 16
21 14
21 20
22 15
22 19
23 14
23 16
23 17
23 19
24 15
24 16
24 18
24 20
25 14
25 15
25 21
25 22
26 17
26 18
27 19
27 22
27 26
28 20
28 21
28 26
28 27
29 2
29 3
29 4
29 14
29 15
29 16
30 5
30 11
30 13
30 15
30 17
30 19
30 29
31 7
31 11
31 12
31 16
31 21
31 22
31 29
32 6
32 12
32 13
32 14
32 18
32 20
32 29
33 3
33 5
33 7
33 17
33 21
33 24
33 29
34 2
34 5
34 6
34 19
34 20
34 25
34 29
35 4
35 6
35 7
35 18
35 22
35 23
35 29
36 5
36 6
36 7
36 23
36 24
36 25
36 30
36 31
36 32
37 8
37 9
37 10
37 23
37 24
37 25
37 33
37 34
37 35
38 8
38 10
38 11
38 17
38 21
38 24
38 36
39 9
39 10
39 12
39 18
39 22
39 23
39 36
40 8
40 9
40 13
40 19
40 20
40 25
40 36
41 5
41 10
41 13
41 17
41 25
41 27
41 39
42 5
42 9
42 11
42 19
42 24
42 26
42 39
43 6
43 8
43 12
43 20
43 23
43 26
43 38
43 42
44 7
44 9
44 11
44 22
44 24
44 28
44 40
45 7
45 8
45 12
45 21
45 23
45 27
45 40
45 41
46 6
46 10
46 13
46 18
46 25
46 28
46 38
46 44
47 11
47 12
47 13
47 14
47 15
47 16
47 38
47 39
47 40
48 2
48 7
48 8
48 17
48 25
48 27
48 30
48 35
48 46
49 3
49 6
49 10
49 22
49 24
49 28
49 31
49 34
49 42
50 2
50 7
50 9
50 18
50 25
50 28
50 32
50 33
50 41
50 49
51 4
51 5
51 9
51 20
51 23
51 26
51 32
51 33
51 45
52 3
52 6
52 8
52 19
52 24
52 26
52 30
52 35
52 44
52 51
53 4
53 5
53 10
53 21
53 23
53 27
53 31
53 34
53 43
53 48
54 3
54 7
54 13
54 16
54 17
54 28
54 32
54 38
54 45
54 52
55 2
55 5
55 12
55 15
55 20
55 27
55 31
55 40
55 42
55 50
56 4
56 7
56 13
56 16
56 18
56 27
56 30
56 39
56 44
56 51
56 55
57 4
57 6
57 11
57 14
57 22
57 26
57 30
57 39
57 46
57 53
58 2
58 6
58 11
58 14
58 19
58 28
58 31
58 40
58 43
58 48
58 54
59 3
59 5
59 12
59 15
59 21
59 26
59 32
59 38
59 41
59 49
59 57
60 2
60 10
60 11
60 16
60 17
60 28
60 33
60 42
60 53
60 56
61 3
61 9
61 12
61 14
61 22
61 26
61 35
61 45
61 50
61 58
62 2
62 10
62 12
62 16
62 18
62 27
62 35
62 43
62 49
62 54
63 4
63 8
63 11
63 15
63 21
63 26
63 33
63 44
63 48
63 55
63 61
64 4
64 8
64 13
64 15
64 20
64 27
64 34
64 46
64 52
64 59
64 62
65 3
65 9
65 13
65 14
65 19
65 28
65 34
65 41
65 51
65 57
65 60
66 2
66 3
66 8
66 15
66 17
66 19
66 37
66 41
66 42
66 47
66 61
66 62
67 2
67 4
67 9
67 14
67 18
67 20
67 37
67 43
67 46
67 47
67 60
67 63
68 3
68 4
68 10
68 16
68 21
68 22
68 37
68 44
68 45
68 47
68 64
68 65
