VERTICES = 60
EDGES = 447
1 6
1 8
1 10
1 12
1 14
1 16
1 20
1 24
1 26
1 28
1 32
1 34
1 36
1 44
1 58
1 60
2 5
2 7
2 9
2 11
2 13
2 15
2 21
2 23
2 25
2 27
2 29
2 31
2 35
2 39
2 41
2 43
2 47
2 49
2 51
2 53
2 57
3 4
3 8
3 18
3 20
3 24
3 30
3 32
3 34
3 36
3 42
3 44
3 60
4 9
4 11
4 13
4 19
4 25
4 27
4 29
4 31
4 33
4 37
4 41
4 43
4 45
4 47
4 49
4 51
4 53
4 59
5 6
5 8
5 10
5 12
5 14
5 22
5 28
5 30
5 32
5 36
5 38
5 40
5 42
5 46
5 48
5 50
5 52
5 54
5 58
6 15
6 17
6 21
6 23
6 31
6 33
6 35
6 37
6 39
6 45
6 47
6 51
6 55
6 57
6 59
7 8
7 10
7 16
7 18
7 22
7 32
7 34
7 38
7 46
7 52
7 54
7 56
7 58
7 60
8 11
8 15
8 21
8 31
8 33
8 35
8 43
8 47
8 49
8 51
8 53
9 14
9 16
9 22
9 24
9 26
9 30
9 34
9 36
9 38
9 40
9 44
9 46
9 50
9 54
9 56
10 11
10 13
10 19
10 29
10 33
10 35
10 37
10 39
10 41
10 43
10 47
10 49
10 53
11 12
11 14
11 16
11 20
11 22
11 26
11 32
11 34
11 36
11 40
11 48
11 50
11 52
11 54
11 56
11 60
12 13
12 15
12 17
12 23
12 25
12 29
12 31
12 33
12 35
12 45
12 49
12 55
12 57
13 14
13 18
13 22
13 24
13 28
13 36
13 38
13 44
13 48
13 52
14 15
14 17
14 19
14 21
14 23
14 25
14 27
14 37
14 39
14 41
14 47
14 49
14 53
14 55
14 57
14 59
15 24
15 30
15 38
15 40
15 48
15 50
15 54
15 58
15 60
16 17
16 21
16 31
16 35
16 37
16 43
16 47
16 51
17 24
17 28
17 32
17 36
17 44
17 60
18 21
18 27
18 29
18 33
18 39
18 51
18 57
18 59
19 20
19 22
19 24
19 26
19 30
19 32
19 40
19 42
19 44
19 50
19 56
20 21
20 23
20 33
20 43
20 49
20 53
20 55
20 59
21 28
21 34
21 46
21 48
21 50
21 52
21 54
21 56
22 23
22 25
22 29
22 31
22 33
22 35
22 43
22 45
22 57
22 59
23 26
23 38
23 42
23 46
23 50
23 54
23 60
24 25
24 27
24 35
24 37
24 41
24 43
24 49
24 51
24 53
24 57
25 34
25 38
25 40
25 42
25 44
25 50
25 52
25 56
25 58
25 60
26 33
26 37
26 43
26 47
26 49
26 59
27 32
27 34
27 38
27 46
27 50
27 52
27 54
27 58
27 60
28 31
28 33
28 35
28 43
28 51
28 57
29 32
29 36
29 38
29 40
29 46
29 48
29 50
29 56
29 58
30 31
30 35
30 41
30 47
30 49
30 53
30 55
30 57
31 38
31 40
31 44
31 46
31 50
31 52
31 54
31 56
32 33
32 37
32 41
32 45
32 51
32 53
33 40
33 54
33 56
33 58
34 37
34 39
34 43
34 45
34 49
34 53
35 40
35 44
35 50
35 54
35 56
35 58
36 41
36 43
36 51
36 53
36 59
37 38
37 40
37 42
37 44
37 46
37 56
38 45
38 49
38 55
38 59
39 46
39 50
39 54
39 56
39 60
40 45
40 49
40 51
40 53
41 44
41 48
41 58
41 60
42 43
42 45
42 49
42 55
42 57
42 59
43 46
43 54
43 58
43 60
44 45
44 55
44 59
45 48
45 54
45 60
46 51
46 59
47 48
47 52
47 58
48 51
48 53
48 55
48 59
49 50
49 52
49 54
49 60
50 51
50 57
50 59
51 52
51 54
51 56
52 57
53 54
53 56
53 58
54 57
55 56
55 60
56 57
56 59
57 58
58 59
59 60
