VERTICES = 81
EDGES = 810
2 1
3 1
3 2
4 1
5 1
5 4
6 1
7 1
8 1
9 1
10 1
11 1
12 1
13 1
14 1
14 6
15 1
15 9
16 1
16 7
17 1
17 8
18 1
18 12
19 1
19 13
20 1
20 11
21 1
21 10
22 2
22 4
22 10
22 11
22 12
22 13
23 2
23 4
23 6
23 15
23 20
23 21
24 2
24 4
24 7
24 17
24 19
24 21
25 2
25 4
25 8
25 16
25 18
25 20
26 2
26 4
26 9
26 14
26 18
26 19
27 2
27 5
27 6
27 7
27 10
27 18
28 2
28 5
28 6
28 8
28 11
28 19
29 2
29 5
29 7
29 9
29 13
29 20
30 2
30 5
30 8
30 9
30 12
30 21
31 2
31 5
31 14
31 15
31 16
31 17
31 22
32 2
32 11
32 14
32 17
32 18
32 21
32 29
33 2
33 10
33 14
33 16
33 19
33 20
33 30
34 2
34 12
34 15
34 17
34 19
34 20
34 27
35 2
35 13
35 15
35 16
35 18
35 21
35 28
36 2
36 6
36 9
36 10
36 13
36 17
36 25
37 2
37 6
37 9
37 11
37 12
37 16
37 24
38 2
38 7
38 8
38 12
38 13
38 14
38 23
39 2
39 7
39 8
39 10
39 11
39 15
39 26
40 3
40 4
40 13
40 14
40 17
40 20
40 27
40 30
40 35
40 37
40 39
41 3
41 4
41 12
41 14
41 16
41 21
41 28
41 29
41 34
41 36
41 39
42 3
42 4
42 11
42 15
42 16
42 19
42 27
42 30
42 32
42 36
42 38
43 3
43 4
43 10
43 15
43 17
43 18
43 28
43 29
43 33
43 37
43 38
44 3
44 4
44 6
44 7
44 8
44 9
44 22
44 32
44 33
44 34
44 35
45 3
45 5
45 18
45 19
45 20
45 21
45 31
45 36
45 37
45 38
45 39
45 44
46 3
46 5
46 6
46 12
46 13
46 15
46 24
46 25
46 32
46 33
46 39
47 3
47 5
47 7
47 11
47 12
47 17
47 23
47 26
47 33
47 35
47 36
48 3
48 5
48 8
48 10
48 13
48 16
48 23
48 26
48 32
48 34
48 37
49 3
49 5
49 9
49 10
49 11
49 14
49 24
49 25
49 34
49 35
49 38
50 3
50 6
50 16
50 17
50 18
50 19
50 22
50 23
50 29
50 30
50 39
50 49
51 3
51 9
51 16
51 17
51 20
51 21
51 22
51 26
51 27
51 28
51 38
51 46
52 3
52 7
52 14
52 15
52 18
52 20
52 22
52 24
52 28
52 30
52 36
52 48
53 3
53 8
53 14
53 15
53 19
53 21
53 22
53 25
53 27
53 29
53 37
53 47
54 3
54 6
54 7
54 11
54 13
54 21
54 25
54 26
54 30
54 31
54 34
54 43
55 3
55 6
55 8
55 10
55 12
55 20
55 24
55 26
55 29
55 31
55 35
55 42
56 3
56 7
56 9
56 10
56 12
56 19
56 23
56 25
56 28
56 31
56 32
56 40
57 3
57 8
57 9
57 11
57 13
57 18
57 23
57 24
57 27
57 31
57 33
57 41
58 4
58 6
58 7
58 12
58 19
58 20
58 30
58 31
58 32
58 35
58 36
58 39
58 43
58 48
58 49
58 51
58 53
58 57
59 4
59 6
59 8
59 13
59 18
59 21
59 29
59 31
59 33
59 34
59 37
59 39
59 42
59 47
59 49
59 51
59 52
59 56
60 4
60 7
60 9
60 11
60 18
60 21
60 28
60 31
60 33
60 34
60 36
60 38
60 40
60 46
60 48
60 50
60 53
60 55
61 4
61 8
61 9
61 10
61 19
61 20
61 27
61 31
61 32
61 35
61 37
61 38
61 41
61 46
61 47
61 50
61 52
61 54
62 4
62 6
62 10
62 11
62 16
62 17
62 26
62 29
62 30
62 34
62 35
62 38
62 45
62 46
62 52
62 53
62 56
62 57
63 4
63 9
63 12
63 13
63 16
63 17
63 23
63 27
63 28
63 32
63 33
63 39
63 45
63 49
63 52
63 53
63 54
63 55
64 4
64 7
64 10
64 13
64 14
64 15
64 25
64 28
64 30
64 32
64 34
64 37
64 45
64 47
64 50
64 51
64 55
64 57
65 4
65 8
65 11
65 12
65 14
65 15
65 24
65 27
65 29
65 33
65 35
65 36
65 45
65 48
65 50
65 51
65 54
65 56
66 5
66 10
66 12
66 14
66 17
66 19
66 23
66 25
66 29
66 35
66 37
66 39
66 42
66 44
66 51
66 52
66 54
66 57
66 60
67 5
67 11
67 13
67 14
67 16
67 18
67 23
67 24
67 30
67 34
67 36
67 39
67 43
67 44
67 51
67 53
67 55
67 56
67 61
68 5
68 11
68 13
68 15
68 17
68 21
68 25
68 26
68 27
68 33
68 37
68 38
68 41
68 44
68 50
68 52
68 55
68 56
68 58
69 5
69 10
69 12
69 15
69 16
69 20
69 24
69 26
69 28
69 32
69 36
69 38
69 40
69 44
69 50
69 53
69 54
69 57
69 59
70 5
70 6
70 9
70 17
70 18
70 20
70 22
70 24
70 33
70 35
70 38
70 39
70 41
70 42
70 48
70 53
70 54
70 56
70 64
71 5
71 6
71 9
71 16
71 19
71 21
71 22
71 25
71 32
71 34
71 38
71 39
71 40
71 43
71 47
71 52
71 55
71 57
71 65
72 5
72 7
72 8
72 14
72 20
72 21
72 22
72 26
72 34
72 35
72 36
72 37
72 42
72 43
72 46
72 50
72 56
72 57
72 63
73 5
73 7
73 8
73 15
73 18
73 19
73 22
73 23
73 32
73 33
73 36
73 37
73 40
73 41
73 49
73 51
73 54
73 55
73 62
74 6
74 10
74 11
74 15
74 18
74 19
74 24
74 25
74 29
74 30
74 31
74 38
74 40
74 41
74 44
74 47
74 48
74 51
74 63
74 72
75 9
75 12
75 13
75 14
75 20
75 21
75 24
75 25
75 27
75 28
75 31
75 39
75 42
75 43
75 44
75 47
75 48
75 50
75 62
75 73
76 7
76 10
76 13
76 17
76 18
76 20
76 23
76 26
76 28
76 30
76 31
76 37
76 41
76 42
76 44
76 46
76 49
76 53
76 65
76 71
77 8
77 11
77 12
77 16
77 19
77 21
77 23
77 26
77 27
77 29
77 31
77 36
77 40
77 43
77 44
77 46
77 49
77 52
77 64
77 70
78 6
78 7
78 12
78 15
78 17
78 21
78 22
78 25
78 26
78 28
78 29
78 33
78 40
78 42
78 45
78 48
78 49
78 57
78 61
78 67
79 6
79 8
79 13
79 15
79 16
79 20
79 22
79 24
79 26
79 27
79 30
79 32
79 41
79 43
79 45
79 47
79 49
79 56
79 60
79 66
80 7
80 9
80 11
80 14
80 17
80 19
80 22
80 23
80 25
80 27
80 30
80 35
80 41
80 43
80 45
80 46
80 48
80 55
80 59
80 69
81 8
81 9
81 10
81 14
81 16
81 18
81 22
81 23
81 24
81 28
81 29
81 34
81 40
81 42
81 45
81 46
81 47
81 54
81 58
81 68
