VERTICES = 40
EDGES = 183
1 5
2 6
3 7
4 8
1 9
2 10
3 11
4 12
1 13
2 14
3 15
4 16
1 17
2 18
3 19
4 20
1 21
2 22
3 23
4 24
1 25
2 26
3 27
4 28
1 29
2 30
3 31
4 32
1 33
2 34
3 35
4 36
1 37
2 38
3 39
4 40
5 9
6 10
7 11
8 12
5 13
6 14
7 15
8 16
5 17
6 18
7 19
8 20
5 21
6 22
7 23
8 24
5 25
6 26
7 27
8 28
5 29
6 30
7 31
8 32
5 33
6 34
7 35
8 36
5 37
6 38
7 39
8 40
9 13
10 14
11 15
12 16
9 17
10 18
11 19
12 20
9 21
10 22
11 23
12 24
9 25
10 26
11 27
12 28
9 29
10 30
11 31
12 32
9 33
10 34
11 35
12 36
9 37
10 38
11 39
12 40
13 17
14 18
15 19
16 20
13 21
14 22
15 23
16 24
13 25
14 26
15 27
16 28
13 29
14 30
15 31
16 32
13 33
14 34
15 35
16 36
13 37
14 38
15 39
16 40
17 21
18 22
19 23
20 24
17 25
18 26
19 27
20 28
17 29
18 30
19 31
20 32
17 33
18 34
19 35
20 36
17 37
18 38
19 39
20 40
21 25
22 26
23 27
24 28
21 29
22 30
23 31
24 32
21 33
22 34
23 35
24 36
21 37
22 38
23 39
24 40
25 29
26 30
27 31
28 32
25 33
26 34
27 35
28 36
25 37
26 38
27 39
28 40
29 33
30 34
31 35
32 36
29 37
30 38
31 39
32 40
33 37
34 38
35 39
36 40
39 37
40 38
40 39
