VERTICES = 40
EDGES = 204
1 2
1 3
1 9
1 10
1 12
1 20
1 21
1 36
2 3
2 6
2 8
2 10
2 12
2 22
2 24
2 26
2 28
2 29
2 31
2 34
3 8
3 12
3 14
3 15
3 19
3 24
3 26
3 28
3 31
3 33
3 37
4 6
4 8
4 10
4 15
4 19
4 20
4 21
4 24
4 32
4 35
4 40
5 6
5 10
5 12
5 16
5 19
5 20
5 27
5 29
5 31
6 10
6 11
6 13
6 15
6 16
6 18
6 31
7 10
7 13
7 16
7 18
7 28
7 29
7 33
7 35
7 40
8 12
8 14
8 15
8 22
8 24
8 30
8 40
9 13
9 22
9 24
9 25
9 26
9 27
9 28
9 29
9 31
9 39
10 12
10 18
10 24
10 31
10 32
10 35
10 37
11 14
11 25
11 28
11 29
11 30
11 31
11 32
12 13
12 18
12 20
12 21
12 30
12 36
12 37
13 14
13 15
13 16
13 18
13 21
13 24
13 25
13 26
13 27
13 31
14 21
14 30
15 17
15 19
15 20
15 23
15 26
15 32
15 35
15 38
16 17
16 18
16 19
16 32
16 33
16 35
16 38
16 39
17 26
17 37
17 38
18 20
18 23
18 26
18 28
18 29
18 30
18 34
18 37
18 39
19 20
19 26
19 28
19 35
20 27
20 31
20 34
21 26
21 30
21 33
21 35
21 37
22 24
22 26
22 35
22 36
22 37
22 39
22 40
23 26
23 32
23 33
23 37
23 38
23 39
24 29
24 33
24 37
24 40
25 28
25 29
25 36
25 37
25 39
25 40
26 33
26 36
27 29
27 30
27 33
28 30
28 32
28 34
28 35
28 38
29 32
29 33
29 38
30 33
30 39
31 37
31 39
32 35
32 36
32 37
33 37
33 38
33 40
36 40
