VERTICES = 42
EDGES = 126
2 1
3 1
4 1
5 1
6 1
7 1
13 2
13 8
14 7
14 9
14 13
15 6
15 12
15 13
16 4
16 10
16 13
17 5
17 11
17 13
18 3
18 8
19 7
19 8
20 4
20 8
21 5
21 8
22 6
22 8
23 2
23 9
23 19
24 2
24 11
24 21
25 2
25 12
25 22
26 2
26 10
26 20
27 6
27 9
27 21
27 26
28 5
28 10
28 19
28 25
29 4
29 11
29 22
29 23
30 7
30 12
30 20
30 24
31 3
31 9
31 17
31 20
31 25
32 3
32 12
32 16
32 21
32 23
33 3
33 10
33 14
33 22
33 24
34 3
34 11
34 15
34 19
34 26
35 5
35 9
35 16
35 22
35 30
35 34
36 6
36 11
36 14
36 20
36 28
36 32
37 4
37 12
37 17
37 19
37 27
37 33
38 7
38 10
38 15
38 21
38 29
38 31
39 4
39 9
39 15
39 18
39 24
39 28
40 5
40 12
40 14
40 18
40 26
40 29
41 7
41 11
41 16
41 18
41 25
41 27
42 6
42 10
42 17
42 18
42 23
42 30
